GeneID	Prognosis	Induction_phase1	Induction_phase2	Intensification_Start	Maintenance therapy
ENSG00000078808	3.73	3.11	3.08	2.92	2.99
ENSG00000160087	1.68	0.39	2.02	1.18	0
ENSG00000160075	4.02	2.8	4.15	3.27	4.26
ENSG00000078369	2.51	0.37	1.95	1.97	0.94
ENSG00000074800	1.46	0.87	2.39	1.02	0.92
ENSG00000116786	8.45	7.72	7.34	7.16	8.45
ENSG00000007968	9.4	9.12	8.57	8.08	9.5
ENSG00000011009	12.09	11.29	10.94	12.03	13.06
ENSG00000117308	9.44	10.49	8.98	8.05	9.79
ENSG00000188822	8.57	7.93	7.1	7.08	7.49
ENSG00000189266	9.9	9.58	9.22	8.42	9.06
ENSG00000142669	10.45	10.1	9.08	8.49	11.86
ENSG00000198830	3.11	2.2	3.38	2.27	2.35
ENSG00000142784	0.41	0.56	0.66	0.83	0
ENSG00000180098	3.88	1.47	1.89	2.31	2.86
ENSG00000084652	3.63	0.78	1.95	4.28	4.35
ENSG00000163866	0.14	0	0	0	0
ENSG00000163867	0.7	0	0	0	0
ENSG00000163877	4.29	1.98	2.32	3.48	3.72
ENSG00000134744	2.67	1.7	1.67	2.84	1.41
ENSG00000173406	2.94	0.78	2.07	2.48	2.53
ENSG00000132485	1.84	0.17	2.21	1.45	0
ENSG00000065243	1.68	0	1.04	1.02	0
ENSG00000122484	3.51	1.34	2.05	2.32	2.86
ENSG00000162676	3.34	1.64	1.77	2.13	2.66
ENSG00000143093	2.28	0.25	0.83	1.51	0.27
ENSG00000266338	2.86	2.41	2.91	1.93	1.93
ENSG00000178104	3.2	1.05	1.99	2.7	1.49
ENSG00000143418	3.49	1.64	2.95	3.19	2.18
ENSG00000279767	2.62	2.88	3.47	2.4	1.82
ENSG00000143543	1.76	1.04	2.16	1.23	0
ENSG00000143612	3.79	2.43	2.86	3.32	3.97
ENSG00000143183	1.96	0.3	1.25	0.68	1.61
ENSG00000143155	2.27	0.69	1.95	1.22	0.39
ENSG00000116161	2.7	1.65	1.79	2.43	2.41
ENSG00000157181	4.12	2.65	3.67	4.33	2.91
ENSG00000118197	0.29	0	1.11	0	0
ENSG00000163444	1.57	1.24	1.53	1.66	0.6
ENSG00000058673	1.66	0.97	1.59	1.99	0.14
ENSG00000117222	4.56	3.48	3.73	4.7	5.93
ENSG00000117697	5.98	4.41	4.41	5.86	6.37
ENSG00000136643	1.99	0	0.47	0.94	0.47
ENSG00000185495	3.08	1.56	2.13	4.14	3.1
ENSG00000162946	0	0	0	0	0
ENSG00000119285	3.35	1.88	2.21	3.08	3.12
ENSG00000054282	1.39	1.08	1.81	1.28	0.87
ENSG00000179456	0.07	0	1.23	0.21	0
ENSG00000153187	2.22	1.23	1.84	1.84	1.83
ENSG00000188295	0.93	0	0.45	0.92	1.22
ENSG00000163029	3.64	1.49	3.19	3.3	3
ENSG00000138073	2.43	0.81	1.86	2.39	0
ENSG00000250565	1.81	0.81	2.66	1.54	0
ENSG00000171150	4.05	2.52	3.04	4.62	4.79
ENSG00000275052	1.31	0	0.73	0.11	0.87
ENSG00000115421	3.48	2.3	2.34	3.34	2.84
ENSG00000232164	1.98	1.36	1.6	1.82	1.42
ENSG00000075292	1.04	0.66	1.44	2.12	0
ENSG00000144048	1.85	0.83	1.75	2.16	1.26
ENSG00000153561	1	0	0.65	0	0
ENSG00000275111	5.4	2.41	4.17	5.03	3.97
ENSG00000158435	4.36	4	2.79	4.54	4.04
ENSG00000135968	3.07	1.97	1.65	2.97	2.23
ENSG00000153201	2.41	1.71	0.99	1.72	0.95
ENSG00000155438	2.81	1.37	1.96	3.14	2.01
ENSG00000082258	2.97	1.46	2.57	2.63	2.06
ENSG00000115947	3.03	1.35	2.83	3.42	2.87
ENSG00000080345	2.33	0.73	1.4	2.52	1.7
ENSG00000196504	1.97	0.67	1.89	1.97	0.67
ENSG00000138398	2.08	0.7	1.64	1.75	1.12
ENSG00000144357	0.31	0	0	1.11	0.1
ENSG00000077380	4.46	3.76	3.01	4.36	4.09
ENSG00000172845	2.75	2.02	2.54	3.25	3.08
ENSG00000115966	7.79	5.14	5.21	6.51	7.54
ENSG00000163510	5.06	2.6	3.44	4.06	4.68
ENSG00000065548	4.75	3.33	4.35	5.44	5.29
ENSG00000003393	4.21	2.79	3.13	4.55	3.55
ENSG00000116030	3.34	1.45	1.38	2.71	2.24
ENSG00000135913	3.02	1.79	1.89	2.83	2.86
ENSG00000163482	1.84	0.67	0.32	0.67	3.08
ENSG00000115649	7.12	4.99	4.22	5.68	8.51
ENSG00000132323	2.1	0.99	0.97	2.36	0.78
ENSG00000144455	2.47	1.6	2.41	2.35	1.41
ENSG00000156983	0.14	0	0	0	0.16
ENSG00000171148	0	0	0	0	0
ENSG00000075975	3.1	2.87	2.16	2.73	2.13
ENSG00000206562	4.37	3.57	2.95	3.35	3.02
ENSG00000114742	2.93	2.22	1.93	2.89	2.75
ENSG00000088727	3.04	2.19	2.3	3	2.18
ENSG00000232112	2.01	1.72	1.76	3	1.48
ENSG00000164068	2.49	1.01	1.59	2.05	3.89
ENSG00000068001	4.45	2.74	2.22	2.47	2.56
ENSG00000180376	4.46	2.05	2.88	3.61	5.16
ENSG00000163634	2.43	0.64	0.87	2.41	2.04
ENSG00000281392	1.15	0.27	0.8	0.23	0.69
ENSG00000179021	7.23	7.45	4.16	5.9	7.84
ENSG00000114354	4.4	2.72	2.87	3.94	4.31
ENSG00000138468	1.76	0	0	1.32	3.45
ENSG00000031081	4.82	3.11	2.96	4.51	4.91
ENSG00000163389	4.16	1.82	2.63	2.29	3.65
ENSG00000163848	3.62	2.24	3.04	5.51	6.08
ENSG00000118007	2.22	2.12	2.05	2.18	2.34
ENSG00000169860	3.02	2.27	2.04	3.04	3.64
ENSG00000174953	6.18	4.14	4.96	6.34	7.15
ENSG00000163960	1.37	1.02	0.9	1.18	0.9
ENSG00000163961	4.47	2.91	3.32	4.15	4.58
ENSG00000163950	5.04	4.11	3.47	4.95	4.98
ENSG00000125388	3.29	2.6	2.48	3.2	2.91
ENSG00000248360	3.23	2.06	2.57	2.79	2.14
ENSG00000047365	2.16	1.38	1.64	1.84	1.67
ENSG00000035928	5.15	2.95	3.94	5.19	4.73
ENSG00000109171	3.19	2.23	2.28	3.43	3.51
ENSG00000109180	0.34	0.66	0.53	0	0
ENSG00000282278	1.9	1.49	1.63	0.79	1.03
ENSG00000047315	1.47	0.07	1.91	0	0
ENSG00000033178	1.8	0.38	1.22	1.06	0
ENSG00000138757	3.69	1.28	2.29	3.05	2.49
ENSG00000118816	4.2	2.85	2.68	3.3	4.41
ENSG00000251022	3.54	2.5	2.66	4.25	6.22
ENSG00000163312	5.61	4.89	4.5	4.05	8.27
ENSG00000138642	5.84	3.91	4.66	5.97	4.71
ENSG00000138785	0.44	0	0	0	0.62
ENSG00000164022	1.18	0.28	1.21	3.19	1.71
ENSG00000138802	4.12	3.18	3.79	4.19	4.11
ENSG00000174720	2.26	1.18	1.6	2.33	1.67
ENSG00000260404	3.22	1.29	1.97	3	0.88
ENSG00000145388	4.24	2.6	2.91	3.66	3.17
ENSG00000151470	1.42	0	2.29	1.67	0.73
ENSG00000273247	6.04	4.34	4.37	6.3	6.75
ENSG00000164168	2.22	0.71	0.78	1.74	1.22
ENSG00000109670	3.31	2.82	3.07	3.84	3.1
ENSG00000171566	5.52	4.61	3.53	4.13	8.51
ENSG00000109572	2.71	1.28	1.95	2.44	3.65
ENSG00000180104	5.78	3.93	4.12	5.26	4.92
ENSG00000164187	4.84	3.77	3.14	4.49	4.78
ENSG00000164327	2.32	2.01	1.5	2.23	3.07
ENSG00000113638	4.05	1.89	2.52	4.05	4.84
ENSG00000067248	4.1	2.2	2.56	4.15	4.65
ENSG00000113593	1.98	2.2	1.36	0.98	1.83
ENSG00000152942	1.73	1.6	1.19	2.06	1.19
ENSG00000145734	6.46	6.01	5.58	6.88	7.6
ENSG00000164331	2.06	1.22	1.8	2.44	0.98
ENSG00000164347	3.56	3.11	2.97	3.61	2.37
ENSG00000164252	1.43	1.55	1.49	1.46	0.96
ENSG00000152409	3.32	3.92	2.6	3.35	3.04
ENSG00000113369	4.74	2.3	2.73	3.31	3.57
ENSG00000164292	6.93	6.56	5.03	6.91	7.2
ENSG00000153922	2.84	2.21	2.51	3.05	3.18
ENSG00000113532	4.18	3.17	3.85	4.46	4.98
ENSG00000151422	4.76	2.5	2.81	4.63	4.29
ENSG00000113368	1.4	0	0.95	0.58	0
ENSG00000072364	1.53	1	0.83	1.56	0.34
ENSG00000170606	1.87	0.92	0.87	1.18	3.17
ENSG00000112855	0	2.54	3.11	3.44	0
ENSG00000113712	4.62	4.49	3.72	5.33	4.4
ENSG00000197043	3.12	3.94	2.93	2.23	3.06
ENSG00000164611	1.43	0.81	1.1	2.38	0.45
ENSG00000146083	0.4	1.2	0.65	3.64	1.09
ENSG00000169223	3.95	3.1	2.76	3.7	4.14
ENSG00000250903	2.16	1.87	0.77	2.8	2.87
ENSG00000112308	2.4	2.25	2.94	5.14	4.88
ENSG00000204623	4.1	3.39	3.79	3.66	4.38
ENSG00000234127	4.2	4.01	3.12	5.4	5.44
ENSG00000204560	4.32	0.13	0	3.25	3.48
ENSG00000204444	2.03	0.44	1.75	2.63	1.34
ENSG00000263020	1.2	0.72	0.42	0.51	2.34
ENSG00000198502	1.73	0.92	1.11	2.12	0
ENSG00000179344	3.18	1.81	1.96	2.46	1.91
ENSG00000231925	7.58	6.81	6.18	8.29	9.49
ENSG00000112511	3.9	1.56	2.61	3.55	3.65
ENSG00000124762	4.78	2.46	4.41	6.3	4.27
ENSG00000096401	2.82	1.64	1.75	2.2	1.86
ENSG00000118482	7.7	5.25	4.73	5.71	7.55
ENSG00000082269	4.64	3.29	3.64	4.95	5.45
ENSG00000112701	4.6	2.86	3.68	4.61	3.82
ENSG00000146247	1.98	1.1	2.17	2.09	0.69
ENSG00000188994	4.13	2.04	3.82	4.84	4.11
ENSG00000135341	2.09	0.57	1.56	1.95	1.55
ENSG00000014123	3.05	2.3	2.72	2.95	2.59
ENSG00000132424	3.93	1.81	2.77	3.61	2.8
ENSG00000057663	2.95	1.11	1.89	3.02	3.19
ENSG00000155085	4.96	2.95	3.77	4.6	4.74
ENSG00000009413	3.01	1.1	1.93	2.96	2
ENSG00000189241	4.49	2.32	3.71	3.51	3.69
ENSG00000029363	0.24	0	0	0	0.2
ENSG00000213066	6.35	4.33	4.87	6.16	6.85
ENSG00000106012	1.97	0.45	1.46	2.24	0.15
ENSG00000122674	7.04	4.61	4.49	5.44	8.09
ENSG00000008256	4.06	2.37	1.36	4.22	4.28
ENSG00000178397	3.41	2.97	2.61	3.81	2.87
ENSG00000136238	4.35	2.74	3.69	4.79	6.09
ENSG00000146576	4.28	3.01	3.07	4.67	3.72
ENSG00000164631	3.02	2.14	2.49	3.62	4.08
ENSG00000122591	2.17	1.22	1.45	2.48	1.5
ENSG00000233830	2.74	0.67	1.79	4.47	5.02
ENSG00000106105	5.03	5.33	3.26	4.39	5.26
ENSG00000122545	2.99	0.66	2.1	2.74	3.4
ENSG00000065883	2.34	2.37	1.98	2.63	1.32
ENSG00000106591	2.66	1.58	1.68	2.76	2.54
ENSG00000272556	4.12	1.49	1.34	2.42	2.1
ENSG00000106635	4.65	2.78	2.45	2.93	3.41
ENSG00000106682	2.27	1.19	1.12	0.63	1.63
ENSG00000174428	2.35	1.54	2.73	1.83	0.17
ENSG00000127914	7.68	7.66	7.78	7.19	6.25
ENSG00000004766	2.3	1.59	1.23	2.9	2.1
ENSG00000106258	3.89	2.6	3.4	4.06	3.57
ENSG00000106351	4.09	3.39	3.75	4.9	5.62
ENSG00000087087	2.9	2.38	1.93	2.33	2.92
ENSG00000106404	7.37	6.01	5.94	7.98	9.17
ENSG00000160991	4.07	3.71	3.16	4.18	4.03
ENSG00000128585	3.5	2.33	2.16	3.11	2.36
ENSG00000269955	4.62	2.96	3.38	3.99	4.74
ENSG00000197448	5.99	5.74	4.6	5.92	6.13
ENSG00000106479	5.59	4.51	4.52	5.57	5.07
ENSG00000106526	2.92	1.96	2.29	2.59	2.4
ENSG00000033100	3.62	2.09	2.61	3.83	3.55
ENSG00000106617	4.43	2.58	2.87	4.14	3.34
ENSG00000133627	2.16	0.87	0.85	1.84	0
ENSG00000155975	1.61	0	0.81	0.58	1.98
ENSG00000078674	5.84	3.67	3.99	5.36	5.31
ENSG00000147471	5.36	5.05	5.13	6.16	3.93
ENSG00000165046	4.53	3.33	3.85	4.62	4.02
ENSG00000070501	6.15	5.81	5.97	6.64	4.83
ENSG00000131931	0.88	0.54	1.52	0.87	1.01
ENSG00000120925	3.64	2.06	2.71	3.02	2.87
ENSG00000168522	4.48	4.26	3.36	4.35	4.06
ENSG00000169139	3.09	1.99	2.26	3.05	2.44
ENSG00000164751	1.96	2.74	2.42	2.47	1.09
ENSG00000164941	3.89	3.4	3.66	4.76	6.05
ENSG00000104375	4.84	3.52	3.34	4.2	4.65
ENSG00000164934	1.88	0.14	0.74	2.11	1.22
ENSG00000253103	3.66	2.35	2.77	4.24	3
ENSG00000064313	5.2	3.55	3.77	4.85	4.74
ENSG00000147684	1.79	0.88	0.52	1.52	2.5
ENSG00000104518	0.17	1.64	0.73	0.34	0.36
ENSG00000179698	4.8	5.64	5.18	4.61	4.41
ENSG00000185122	3.08	4.72	3.25	3.55	2.32
ENSG00000187954	2.92	2.23	2.51	2.85	2.56
ENSG00000235453	2.83	2.22	2.98	3.1	1.15
ENSG00000165280	4.19	2.99	2.88	4.12	3.83
ENSG00000281649	3.28	3.66	3.36	3.66	4.46
ENSG00000147905	2.72	2.56	2.88	3.56	2.7
ENSG00000147996	1.1	3.05	2.39	1.28	0.97
ENSG00000198000	3.04	2.36	2.53	2.95	1.84
ENSG00000175787	3.02	2.85	2.51	3.51	3.04
ENSG00000136870	4.69	3.19	4.03	5.11	4.35
ENSG00000136810	5.51	5.8	4.83	5.99	5.18
ENSG00000136875	0.28	0	0.15	0	0
ENSG00000136888	3.86	2.86	3.85	4.85	4.34
ENSG00000136940	3.2	3.2	2.4	3.31	3.16
ENSG00000160445	5.03	3.88	4.89	5.96	6.36
ENSG00000148331	3.04	1.73	2.85	3.26	3.57
ENSG00000148297	3.71	4.64	3.99	5.15	3.82
ENSG00000057608	1.62	1.92	2.09	2.63	0.58
ENSG00000229124	1.16	2.32	2.33	1.51	1.08
ENSG00000026025	2.25	2.52	3.81	3.62	0.65
ENSG00000241058	2.38	1.8	1.75	2.11	3.86
ENSG00000216937	2.04	2.41	2.89	3.52	1.1
ENSG00000204130	3.51	3.87	3.34	4.02	3.38
ENSG00000198954	2.84	2.26	3.72	3.88	4.42
ENSG00000197746	2.26	4.31	2.11	3.16	3.66
ENSG00000108179	3.62	3.24	4.22	5.05	4.07
ENSG00000225484	4.45	5.41	4.87	4.43	4.64
ENSG00000095564	2.56	4.76	4.52	3.76	2.4
ENSG00000198060	3.84	2.9	3.29	4.09	3.08
ENSG00000177853	1.08	1.87	0.88	1.55	0.8
ENSG00000108055	0.87	3.02	2.04	1.34	0.66
ENSG00000179988	6.62	5.61	5.36	7.08	7.84
ENSG00000019995	5.1	4.18	3.68	5.44	6.26
ENSG00000183020	1.8	3.98	2.49	2.15	2.48
ENSG00000110171	2.05	2.96	1.57	3.32	2.9
ENSG00000110321	6.02	5.46	5.6	6.58	6.45
ENSG00000110696	1.33	0.93	1.23	0.35	1.55
ENSG00000110756	3.4	2.73	2.67	3.63	3.89
ENSG00000110768	2.88	3.66	2.91	3.12	2.31
ENSG00000019485	1.81	1.65	2.38	2	1.66
ENSG00000025434	3.1	4.39	3.39	4.34	3.41
ENSG00000126432	3.36	3.32	3.52	3.86	3.28
ENSG00000014216	3.68	4.72	3.92	4.06	3.39
ENSG00000126391	6.27	5.48	5.18	5.81	6.25
ENSG00000251562	2.4	1.79	2.73	2	1.01
ENSG00000174903	2.08	1.37	0.72	1.67	2.39
ENSG00000110697	1.81	2.86	1.87	2.89	0.41
ENSG00000110075	3.83	2.73	4.39	4.08	2.95
ENSG00000137500	4.06	3.4	3.57	4.54	4.7
ENSG00000110172	3.12	2.43	3.52	2.76	1.7
ENSG00000168876	0	0	0	0	0
ENSG00000077458	3.32	3.06	3.28	4.03	2.4
ENSG00000110367	1.42	1.36	2.23	2.02	0
ENSG00000170322	2.8	2.65	2.71	3.19	1.71
ENSG00000151498	2.71	2.49	2.98	3.03	1.19
ENSG00000002016	4.44	3.36	4.69	4.37	4.38
ENSG00000151062	2.54	2.79	3.36	2.6	1.68
ENSG00000047621	3.54	3.21	3.85	3.83	2.01
ENSG00000269968	2.64	3.25	3.05	3.41	2.15
ENSG00000065970	1.84	2.3	1.79	2.35	1.62
ENSG00000256594	4.7	5.33	6.16	5.17	2.2
ENSG00000069493	7.12	9.02	6.85	6.52	6.5
ENSG00000111731	7.95	7.95	7.48	8.41	6.83
ENSG00000087502	2.5	3.06	3.79	3.5	3.15
ENSG00000079387	0	0.18	0.45	0	0
ENSG00000167528	3.34	2.89	3.49	3.39	2.5
ENSG00000167552	4.45	4.04	4.32	4.01	3.15
ENSG00000178449	3.04	3.27	3.56	3.58	1.12
ENSG00000123415	3.12	2.73	3.71	3.37	2.38
ENSG00000127314	3.31	2.67	3.19	3.39	3.27
ENSG00000173451	4.36	5.57	5.42	5.23	3.58
ENSG00000139289	4.27	4.26	4.11	3.81	3.55
ENSG00000102189	2.99	3.84	2.84	3.32	1.79
ENSG00000139344	4.12	4.55	4.24	4.77	4.64
ENSG00000204852	2.86	3.36	2.62	3.35	2.5
ENSG00000089248	2.91	0.96	1.13	0.6	2.06
ENSG00000256028	2.57	2.26	2.68	2.65	1.11
ENSG00000182196	3.37	3.33	3.32	2.96	2.4
ENSG00000177169	4.36	4.46	3.77	4.22	3.79
ENSG00000090612	1.4	1.82	2.07	1.82	0.23
ENSG00000180776	2.16	1.44	1.76	2	2.71
ENSG00000244754	1.76	1.97	2.06	2.78	2.18
ENSG00000083642	2.37	2.63	1.67	1.71	1.44
ENSG00000120686	4.53	4.82	4.18	5.21	4.6
ENSG00000133103	2.27	2.8	1.73	1.64	2.28
ENSG00000273149	3.37	4.44	2.97	4.92	4
ENSG00000123200	1.6	2.5	3.52	3.61	0.26
ENSG00000270181	2.67	3.42	2.83	3.25	2.45
ENSG00000134884	4.39	3.44	3.85	3.82	1.64
ENSG00000136319	3.18	2.28	3.64	4.58	3.92
ENSG00000129562	3.51	4.77	3.85	4.32	4.42
ENSG00000215271	2	3.71	2.73	2.63	2.39
ENSG00000129515	3.87	4.87	3.97	4.26	4.2
ENSG00000151338	4.02	4.09	3.46	4.46	4.52
ENSG00000179454	2.92	3.58	4.49	4.33	2.35
ENSG00000165525	2.42	4.07	2.85	3.6	2.85
ENSG00000100519	2.64	2.41	3.03	3.36	2.01
ENSG00000197045	3.33	4.31	3.27	3.85	3.52
ENSG00000100578	1.64	4	2.42	2.15	1.34
ENSG00000009830	2.79	3.18	3.07	3.36	0.84
ENSG00000100722	1.32	2.19	1.82	2.11	2.49
ENSG00000100784	2.06	2.7	1.41	1.95	2.08
ENSG00000100815	1	0	0.45	1.17	0.55
ENSG00000183648	2.33	1.8	1.84	2.9	2.11
ENSG00000276550	2.74	3.31	3	2.89	2.69
ENSG00000280234	2.78	3.92	2.66	2.7	2.08
ENSG00000279417	3.17	3.72	2.55	3.22	3.45
ENSG00000169926	2.32	1.47	2.04	1.95	1.61
ENSG00000248905	2.54	2.98	2.54	3.08	2.99
ENSG00000259380	4.86	4.22	4.01	4.64	4.16
ENSG00000140323	3.87	2.86	3.16	4.38	3.55
ENSG00000137812	1.23	1.95	1.63	1.76	0
ENSG00000159433	4.56	2.45	2.65	3.33	2.72
ENSG00000159459	2.45	4.1	3.44	3.22	2.31
ENSG00000140264	0	0.86	0	0	0
ENSG00000104131	2.77	3.29	2.26	3.5	2.48
ENSG00000104164	0.92	2.43	2.11	0	0.89
ENSG00000166200	4.01	5.4	6.22	6.27	2.47
ENSG00000137776	0	0	0	0	0
ENSG00000166839	0.96	2.45	1.33	0.87	1.78
ENSG00000273025	3.42	4.07	2.46	3.16	2.98
ENSG00000261423	1.05	3.09	1.3	1.43	0.89
ENSG00000140398	4.04	1.95	2.74	3.27	4.13
ENSG00000260274	4.57	5.26	4.81	6.35	5.7
ENSG00000167196	2.09	2.62	2.16	3.56	3.46
ENSG00000185787	2.06	3.8	1.93	2.29	3.19
ENSG00000156218	1.27	2.64	1.77	2.11	0.72
ENSG00000103126	3.59	4.18	3.08	4.14	2.87
ENSG00000086504	3.41	1.95	2.13	2.43	3.16
ENSG00000007541	2.63	4.33	3.33	2.67	2.24
ENSG00000282907	1.63	2.89	3.11	2.79	1.16
ENSG00000172366	2.97	5.16	3.5	2.51	2.82
ENSG00000007545	2.22	3.64	2.83	2.22	2.16
ENSG00000197774	5.7	7.1	4.35	5.68	5.71
ENSG00000162032	1.88	4.13	2.59	2.11	1.39
ENSG00000085644	2.42	4.04	3.01	3.28	3.09
ENSG00000187555	0.1	1.71	1.27	1.07	0
ENSG00000140694	4.22	4.92	4.26	4.52	4.4
ENSG00000103429	1.8	3.39	1.74	2.55	3.8
ENSG00000085721	2.26	4.97	3.42	4.55	3.09
ENSG00000170540	2.71	5.07	2.73	3.97	4.08
ENSG00000169246	4.9	3.99	3.88	3.87	5.11
ENSG00000180747	1.49	2.57	2.41	2.19	1.82
ENSG00000258186	2	3.21	2.61	3.87	3.18
ENSG00000122257	1.21	2.73	2.31	0.36	0.56
ENSG00000103502	2.46	4.48	3.39	4.09	3.45
ENSG00000169221	4.61	5.65	4.43	5.51	4.77
ENSG00000260899	0.45	2.95	1.47	2.03	0
ENSG00000103549	2.34	4.27	2.78	2.72	2.77
ENSG00000280211	2.89	4.69	3.25	4.07	3.81
ENSG00000103037	2.19	3.31	2.64	2.96	3.5
ENSG00000089505	2.47	3.78	2.46	3.44	2.86
ENSG00000168701	0.64	2.89	2.01	1.05	0.82
ENSG00000157349	2.44	5.54	3.82	3.26	2.98
ENSG00000180917	1.75	3.93	3.23	1.35	1.85
ENSG00000140836	5.06	2.95	2.36	0.71	4.15
ENSG00000131143	6.96	6.69	6.17	6.93	5.54
ENSG00000132376	2.18	4.23	3.14	2.95	1.48
ENSG00000267532	1.65	3.11	1.95	2.37	2.13
ENSG00000181222	1.16	2.94	1.54	1.19	1.18
ENSG00000170043	2.46	3.4	2.9	3.29	2.97
ENSG00000196544	1.4	3.77	2.39	1.82	2.07
ENSG00000177427	1.68	2.28	1.36	0.82	1.09
ENSG00000179761	6.85	6.94	5.84	7.17	5.89
ENSG00000108651	0.69	3.35	2.18	0.43	0.46
ENSG00000275700	2.63	4.29	3.27	2.95	4.26
ENSG00000126353	0.24	0.6	0.32	0	0
ENSG00000108784	3.62	2.96	3.06	3.14	4.21
ENSG00000068120	1.36	1.71	1.51	1.73	2.2
ENSG00000141699	1.61	2.26	1.03	1.99	1.21
ENSG00000087152	2.91	2.63	2.98	5.33	2.86
ENSG00000159202	2.25	0.91	2.56	2.85	0
ENSG00000121067	2.4	3	2.24	1.89	2.71
ENSG00000121104	0.89	1.39	0.26	0.49	1.46
ENSG00000170836	2.19	3.04	2.44	3.02	1.85
ENSG00000108654	2.67	2.89	3.11	1.83	2.36
ENSG00000258890	1.59	2.8	2.02	1.98	2.23
ENSG00000108854	9.02	7.49	9.95	8.56	5.78
ENSG00000141540	3.72	2.9	2.45	3.85	3.48
ENSG00000161509	3.79	2.39	1.82	2.51	5.12
ENSG00000129646	1.99	1.95	1.36	2.25	1.92
ENSG00000035862	1.3	0.73	2.04	1.72	0
ENSG00000167302	2.09	0.35	1.18	2.96	1.08
ENSG00000185298	0.95	1.21	0.45	0.8	1.95
ENSG00000262049	3.95	2.09	3.7	4.07	3.88
ENSG00000262413	3.83	1.84	2.44	4.24	4.03
ENSG00000169733	0.26	0.99	1.46	0	0.01
ENSG00000176155	0.94	0	0.13	2.39	2.12
ENSG00000141446	3.6	2.47	2.55	3.61	3.82
ENSG00000158201	2.56	1.51	1.97	2.48	1.57
ENSG00000134758	0	0	0	0	0
ENSG00000186812	4.26	2.95	3.59	3.42	3.8
ENSG00000172466	4.33	4.03	4.28	3.55	4.54
ENSG00000150477	2.94	3.25	3.42	3.68	1.76
ENSG00000078142	6.14	6.24	5.88	7.17	7.43
ENSG00000152217	1.99	3.29	2.23	2.84	2.54
ENSG00000078043	1.61	3.11	2.01	2.27	1.31
ENSG00000150637	4.59	3.03	2.78	4.22	3.48
ENSG00000166347	3.17	4.62	3.53	2.22	0
ENSG00000115266	3.46	2.47	2.49	2.79	2.07
ENSG00000129911	3.77	3.58	2.57	4.05	4.17
ENSG00000141873	0.88	0	0.55	1.69	0.4
ENSG00000125912	0.93	0.68	0.56	0.78	0.89
ENSG00000167657	5.48	5.84	4.67	5.89	6.81
ENSG00000126934	2.99	1.67	2.39	2.51	2.05
ENSG00000223547	1.81	0.67	0.55	2.23	1.78
ENSG00000105583	1.91	2.58	1.75	1.17	0
ENSG00000095066	0.63	1.5	1.09	1.41	0.37
ENSG00000105613	0.94	0.59	1.44	0.46	0.85
ENSG00000179271	2.89	2.54	2.08	2.81	2.94
ENSG00000072062	3.65	4.2	2.53	3.83	4.89
ENSG00000141867	1.45	1.86	2.04	1.3	1.3
ENSG00000160117	2.28	1.76	1.5	2.28	2.02
ENSG00000105701	4.71	4.59	4.3	4.8	4.84
ENSG00000196268	2.55	4.4	3.06	3.07	2.34
ENSG00000105186	3.39	4.91	4.08	4.61	4.01
ENSG00000076650	5.33	6.56	5.1	6.11	6.03
ENSG00000153879	1.61	3.33	2.47	2.34	1.34
ENSG00000272333	1.64	2.71	1.77	1.25	0
ENSG00000280194	4.35	4.18	3.66	5.22	4.67
ENSG00000126247	2.88	5.77	4.14	4.34	4.8
ENSG00000196967	1.96	2.08	1.8	1.87	0.97
ENSG00000099338	2.65	3.63	2.81	3.6	3
ENSG00000104825	3.69	2.83	4.52	4.42	6.72
ENSG00000196235	1.13	2.83	1.78	1.79	2.03
ENSG00000086544	0.51	0.86	0.23	0.79	0
ENSG00000255730	3.11	1.88	2.2	4.02	4.71
ENSG00000105755	2.4	3.2	2.12	2.77	2.65
ENSG00000124459	1.52	0.42	1.07	1.5	1.74
ENSG00000167384	6.91	5.46	6.07	5.6	4.7
ENSG00000104853	0	0	0.36	0.82	0
ENSG00000142252	1.2	0	0.74	0.14	1.46
ENSG00000125744	7.14	5.94	6.41	6.4	4.98
ENSG00000125746	0.97	3	2.01	1.37	1.14
ENSG00000130749	1.96	2.51	1.93	2.21	1.97
ENSG00000279861	3.22	3.58	3.55	3.6	2.98
ENSG00000104805	0.46	2.05	2.23	1.24	0
ENSG00000126453	2.22	1.98	2.44	2.89	1.03
ENSG00000204673	3.19	3.84	3.79	4.47	2.02
ENSG00000142528	3.47	4.05	3.09	4.87	3.3
ENSG00000105497	3.62	3.28	3.42	4.6	3.62
ENSG00000196214	1.83	2.45	1.55	2.86	1.97
ENSG00000167562	7.3	8.78	8.4	9.67	8.93
ENSG00000198538	0.47	0	0.59	0.69	0.88
ENSG00000197497	1.74	1.87	2.07	1.8	1.55
ENSG00000130844	3.76	3.94	3.52	3.67	2.72
ENSG00000125503	1.77	0.7	1.52	2.23	0.69
ENSG00000261221	1.17	0.6	1	0	1.07
ENSG00000196263	1.3	1.86	1.63	1.05	0.11
ENSG00000204524	8.71	6.96	8.07	7.65	6.32
ENSG00000269026	0	0.54	0.34	0.3	0
ENSG00000267858	1.64	1.8	2.37	0.82	2.21
ENSG00000125898	7.7	5.86	5.13	6.21	7.49
ENSG00000125818	7.89	6.88	6.33	5.76	5.55
ENSG00000078814	7.96	5.73	3.93	3.81	7.07
ENSG00000101407	10.83	9.04	8.89	9.55	9.94
ENSG00000124191	7.63	6.09	6.27	6.67	6.86
ENSG00000124164	7.68	6.51	4.97	5.27	7.21
ENSG00000149658	7.6	6.57	5.91	7.06	7.98
ENSG00000101216	10.97	10.07	9.99	10.15	10.92
ENSG00000280213	8.93	8.91	7.61	7.28	8.8
ENSG00000155304	2.39	2.02	2.58	2.29	0.85
ENSG00000198862	5.37	4.28	4.39	5.38	5.42
ENSG00000156256	2.19	3.08	3.48	4.1	3.31
ENSG00000159147	4.52	4.2	4.07	5.13	3.99
ENSG00000215424	3.59	3.41	3.9	4.04	2.13
ENSG00000280007	3.1	3.67	3.36	2.99	3.09
ENSG00000070413	2.95	2.68	2.74	3.75	2.69
ENSG00000070010	2.63	2.06	2.93	3.2	1.58
ENSG00000099942	1.23	0	0.12	1.53	2.56
ENSG00000099995	1.15	1.44	1.79	2.41	2.52
ENSG00000185339	5.57	6.03	5.95	6.26	6.92
ENSG00000183963	3.38	4.05	3.17	3.4	3.57
ENSG00000100083	3.81	4.51	3.65	5.8	7.46
ENSG00000189060	3.23	3.6	2.99	3.96	4.11
ENSG00000100221	3.42	3.35	3.64	3.89	2.75
ENSG00000183741	5.09	4.65	4.96	6.03	5.47
ENSG00000128272	3.51	3.06	3.66	4.75	4.55
ENSG00000100417	3.33	3.5	2.82	5.04	3.22
ENSG00000100422	0.98	2.01	2.3	1.91	0.8
ENSG00000100258	5.66	5.34	5.61	6.51	6.08
ENSG00000254413	2.97	4.44	3.95	4.75	2.12
ENSG00000214717	1.66	1.17	1.02	1.86	1.26
ENSG00000173681	3.95	4.18	3.94	5.12	4.68
ENSG00000197779	2.64	2.2	2.47	2.56	3.51
ENSG00000049769	3.68	4.12	3.75	4.35	2.91
ENSG00000085224	3.84	4.55	4.36	4.37	2.73
ENSG00000158290	4.64	4.2	3.9	5.12	4.53
ENSG00000101972	4.14	2.8	3.68	4.65	3.92
ENSG00000165359	4.37	3.74	4.18	5	4.32
ENSG00000196924	3.66	4.11	3.86	3.87	2.84
ENSG00000277203	6.05	5.45	5.34	6.12	5.87
