KEGG	SH-CON_vs_SH-H_p	SH-CON_vs_SH-H_fc	SH-NAC_vs_SH-H_p	SH-NAC_vs_SH-H_fc	SH-10_vs_SH-H_p	SH-10_vs_SH-H_fc	SH-100_vs_SH-H_p	SH-100_vs_SH-H_fc	SH-103_vs_SH-H_p	SH-103_vs_SH-H_fc	SH-100_vs_SH-NAC_p	SH-100_vs_SH-NAC_fc	SH-100_vs_SH-CON_p	SH-100_vs_SH-CON_fc	SH-100_vs_SH-10_p	SH-100_vs_SH-10_fc
C00170	0.108412542230114	2.35345875017074	0.000489828653946302	2.99007890502457	0.0013138276872911	6.54878277588524	0.0666800355456318	1.82589682132272	0.0290565644206512	0.569584074956156	0.0222592482801171	0.610651718339089	0.500895413633713	0.775835489443039	0.0010660049077384	0.278814687218862
C05130	0.692114209486492	0.868650408543294	0.510739923212815	1.15558551624167	0.740103940949322	1.07925343205807	0.0951928623708346	0.498885255924823	0.178966612383842	0.64678856678541	0.0102587498785351	0.431716431984501	0.236361687922741	0.574322248649422	0.0154189179590791	0.462250330743428
C03765	2.18862726962051e-05	1.88604899307573	2.45309415514401e-06	2.78090319521538	1.57235867360127e-06	4.76077777508279	6.4316232288632e-06	2.02915152950656	0.548001014273543	0.895327505451857	0.000114719598980304	0.729673558215825	0.163776525218795	1.07587424131409	8.44201458534078e-07	0.426222694141878
C00632	0.00303386060837996	2.47692751620584	1.62602339786056e-05	4.03886265082849	1.69594912684939e-06	6.11947610028903	0.000433558201700247	3.16689406563234	0.983391349744414	0.992219938668807	0.0108885729991447	0.784105412691546	0.000286714592753557	1.27855742443501	2.40170752435685e-07	0.517510651848573
C00601	0.371301167683025	1.61873243001316	0.449134510271389	1.34435092160571	0.0980825035301141	2.39070955060112	0.496267599158733	1.52538583462218	0.396251180316271	1.54458195428902	0.79991301685432	1.13466343505031	0.913630174862297	0.942333523650834	0.359018811838927	0.638047325422127
C01586	0.277055633318174	0.921442995795987	0.0122091333115632	2.16775219032814	2.40548747775699e-05	2.78094688799762	0.00251410136575266	1.28781759260389	0.00431126572634934	1.25683048411246	0.0322491452414507	0.594079710010096	0.000253414450812523	1.39760961717595	0.000102562122537624	0.463086007921268
C00483	0.652777275893312	1.14638863347253	0.981452524258233	0.990575132758501	0.368874502890697	0.734078458382069	0.26992531065985	0.656470644091158	0.101554779187338	0.45462564341351	0.337732256420889	0.662716660636385	0.0509837997018888	0.572642317730106	0.567062660199471	0.894278583706214
C05853	9.39226785227892e-07	1.20798464711979	0.0976894577114091	0.964573604093399	0.000133655944976269	1.17643151190208	0.0519693496412713	1.04276242110524	0.0260705925656388	1.0948819309404	0.006424759210227	1.08106049831763	3.43250511209309e-05	0.863224895772901	0.000623116385474583	0.886377498864577
C03283	0.0123296056649037	1.08580564227047	2.39283188183547e-05	1.25336441701939	1.77982735551368e-05	1.2463855463384	0.000227207274434251	1.16921440592369	0.00449036657565206	0.898496582422399	0.0123753751417454	0.932860698809514	0.00569051333848401	1.07681739752135	0.0069202353025437	0.938084053813507
C00082	0.0125780966028268	1.63633343444748	6.62370510840414e-05	1.81409949990142	0.0322194621399424	1.48535242094434	0.123723190954756	1.27651457744522	0.00385057881896331	0.550878513804183	0.0122526464424146	0.703662934428125	0.12569377148171	0.780106639987008	0.340721491614884	0.859401822386134
C00148	0.644419334639858	1.31686537785327	0.268302819041156	4.19306369784004	0.059065075132539	2.45309323461739	0.0134722448894089	2.36094363039739	0.209430241932606	2.55885361102925	0.501637227811553	0.563059328579618	0.141434461938406	1.79285116770717	0.881572977921563	0.962435343704179
C00123	2.10865738309776e-08	1.26211663491072	8.79417472028043e-07	1.53400341456356	9.94034447958427e-07	1.50559295630142	1.21910759067021e-08	1.24384020065946	1.88108011988349e-11	0.626668568058853	3.82652898479655e-05	0.810845783556062	0.0760396017465496	0.9855192192657	5.40174774521522e-05	0.826146399963926
C00065	2.74575890289489e-07	1.56431336537591	0.00409897281232812	1.23483809394989	0.169065976742955	0.955703858308381	0.0514467882611346	1.16610793546836	6.1460354857783e-05	0.644090621775698	0.399168333245934	0.944340752995652	0.00142927288465391	0.745443950859637	0.0240343553214107	1.220156144951
C00062	0.246273242728996	1.06366464758331	0.000753471815333507	1.39186200488812	0.00115119162241687	1.37131124274792	0.300329475437585	1.0733707765615	3.34135416658178e-05	0.444745875123743	0.00386800667552564	0.771176145905195	0.887628033206105	1.00912517775244	0.00590758368786271	0.782733155757269
C03519	2.89078406208464e-07	1.46059432001399	1.07216338152881e-05	2.48816498885145	2.44889723863167e-07	2.39636747128519	1.09907682306454e-08	1.633063516857	5.97210058253957e-07	0.500183793698949	0.000136182610357496	0.656332487666277	0.000344539107719005	1.11808151961139	7.47301765950794e-06	0.681474580349391
C00183	0.565348133358706	1.28004862763013	0.245244892641865	1.42858465916392	0.0630900054566054	1.77790996231616	0.532062903245803	0.819107872677534	0.029425050860137	0.410570306133244	0.129405295999744	0.573370200655045	0.367790658818208	0.639903715372142	0.033979132815234	0.46071392254895
C00049	4.17564535279509e-07	1.35648998551442	2.11617726764897e-06	0.511193462409802	1.90780022141601e-07	0.536886824666506	0.0278060147938953	0.938059308911627	1.31808962915442e-07	1.99286292938329	1.29376594198186e-06	1.83503776532968	7.34259577162483e-08	0.691534267800647	9.3418457209054e-08	1.74721983444894
C00407	0.0519246346770709	1.48781784573337	0.00956283392224394	1.82851961964958	0.00925892043778598	1.84088300927769	0.894134541971102	1.04532154275415	0.123410913347879	0.628444831234191	0.0463558315909679	0.571676416003934	0.183303630852813	0.70258704434271	0.0444091929941662	0.5678370311888
C00791	0.944517529816369	0.972949944262162	0.73740890272975	0.878927993483161	0.994582036757205	0.997603684566626	0.577234522016785	0.792740002731035	0.0968399921343143	0.37756620365155	0.77867667516915	0.901939645350734	0.600186511994989	0.814779842895422	0.497885219317825	0.794644220941719
C00025	1.24058720102313e-06	1.43340099873702	0.0102930632147051	1.048384985448	0.000103473004146032	1.11095895265449	1.22910176270525e-06	1.20290581335744	1.03888828837896e-08	1.49354855200058	2.84645636520583e-06	1.14738939421514	7.05878828911957e-06	0.839196996805032	0.000191493033217206	1.0827635084836
C00064	0.00582155436679307	0.883927578081295	6.66261645337717e-06	0.389615435297762	7.70459624844333e-06	0.388674254145169	0.000556817465776587	0.811498110796598	2.78930823155555e-05	1.28268517865661	8.18357468467878e-08	2.08281817730454	0.00613478155045281	0.918059500483154	1.42254708555492e-07	2.08786175606451
C00669	0.100757775564348	1.04325708225428	0.000211123079378961	1.18672242822733	0.00882212625721322	0.913390794609927	0.0115555230360652	0.905360475000456	9.28872787026816e-05	0.709525879205072	1.40759239607039e-05	0.762908371381204	0.00123423446307871	0.867821067693255	0.763532330455634	0.99120823238327
C02727	1.5960805350562e-06	0.780446662990194	6.00550307515307e-07	1.73825345552869	2.2746913193795e-06	1.33075104084254	0.230127599645256	0.976540906357089	1.89745641463209e-07	0.163872249699107	5.84938605030204e-07	0.561794313281013	2.83410089049421e-06	1.25125899394019	1.59085073865611e-06	0.733826896531158
C00077	3.86088623396659e-07	8.30828969027838	0.00297285703392859	1.26243988465869	7.99503507586957e-07	2.30283053804708	2.16650012387951e-06	1.40273783387798	5.40059395015993e-10	2.68616976652425	0.0411485270176698	1.11113238018238	6.39957251672376e-07	0.168835932083512	1.45360430077024e-05	0.609136369655571
C02997	0.0327788260352009	1.47483211683884	0.000807397103493278	2.27380511038719	0.000208792186239311	2.70074988553869	0.00797648018145307	1.72008887004749	0.0706388769275811	1.36121401397764	7.09770673342678e-07	0.756480343099673	1.04466019400448e-05	1.16629469239817	2.06976569244225e-07	0.636893064129263
C00624	0.00520195676051899	2.74315311566509	4.58405003028333e-05	5.77348691168195	2.25942284544302e-06	6.47919076741108	0.00350276442028987	3.00889090321173	0.741975927970666	0.859450377382093	6.11274787956359e-07	0.521156616311645	0.0654012753014408	1.09687311511309	0.000117855406461541	0.464393010057027
C00979	0.185773164063617	0.93166360677657	5.99204956803298e-05	1.22051474272783	0.0283295513015836	1.11726729404048	0.0675662886431438	0.940963699541516	2.57470287116785e-06	0.592293771842612	3.89784204176953e-06	0.770956438787852	0.840502701928811	1.00998224326602	0.00486812138849011	0.842201060176588
C04368	0.518299582827079	0.956864879463961	0.00114820694934106	1.33977781099026	0.00552834002267748	1.50541730899954	0.634040407242484	0.960663775157195	0.00196072821555533	0.637109980032046	0.00142516424741136	0.717032158076377	0.958067873201729	1.00397014852856	0.00369928242570039	0.638137856801731
C00408	0.319890306923047	1.84927248818364	0.88056825122592	1.08890243581725	0.179187011914285	1.96494009696725	0.296652917577413	1.69266617836527	0.0486829805455598	4.6452971538756	0.351098644042549	1.55447000822886	0.853267266867008	0.915314638151467	0.701347269170586	0.861433985177348
C01035	0.0056287348229803	0.935231473149425	5.72870922009174e-08	0.650336976964509	4.6696455567118e-08	0.522778702463772	0.00643926353758444	0.937348719542976	3.4343823738355e-06	1.40837112822306	5.99672100447866e-08	1.44132773122961	0.896748700160583	1.0022638741898	1.51421030480676e-08	1.79301244508508
C01026	1.01416183442768e-05	1.69799554811435	8.41134122296645e-06	1.8983463145556	1.32680561420643e-05	1.85029840781722	2.43838457684479e-05	1.62320793672501	0.0377066948002775	0.845662171299424	0.0120427486272364	0.855064181007986	0.314241019360319	0.955955354846251	0.00700457123826439	0.877268190831932
C02946	0.163159708796114	1.63698689275649	0.819103089908768	1.16668529584734	0.377885017995526	1.63455631734343	0.624085714837099	1.1534286017796	0.00938759367844243	0.368190339744511	0.986140595142779	0.988637300808603	0.324876455749936	0.704604665366236	0.51477970592552	0.705652408265881
C00956	0.658410021140644	0.772774946390459	0.634629756561272	1.27135134994773	0.784914672483203	0.854962434776343	0.718825716710582	0.807411194852662	0.39055746288895	0.610160040690182	0.406426853273662	0.635081085087812	0.943281792287888	1.04482061514026	0.925367065605468	0.944382071083485
C00097	0.0106878820500882	0.683737532899862	0.0181691202120284	0.753526200282346	0.00666468075174088	0.668175516803552	0.00856631840014501	0.690817534100513	0.0912609106778233	0.839696098730096	0.110891662308652	0.91677971362066	0.923448346263851	1.01035485235193	0.395507883013878	1.03388633185076
C05932	5.32529416070721e-05	0.295323578113146	2.87966531073188e-07	0.387238323942449	7.92119641997926e-08	0.276295340236407	7.5946363666682e-08	0.247929446938217	5.63324542525716e-06	0.134645283414073	0.00206541616549222	0.640250284150761	0.488225508035435	0.839517956955098	0.425703693269494	0.897334883484032
C00489	0.00785719928517736	0.881413137229622	1.3301700915649e-05	0.626154304852347	2.34397399798763e-06	0.518261318398531	0.0482757559235219	0.924380520372943	0.000763806669663429	1.31557046389772	1.13011548370719e-06	1.47628230487199	0.129170081932201	1.04874828990906	1.12040265009022e-07	1.78361858691162
C00450	0.135449316745976	0.563960929446679	0.292901235373553	0.675551458317958	0.194226582875276	0.604943929222422	0.834860317305141	1.08710768182223	0.0981440639465589	0.505810025113811	0.334243885325334	1.60921520993973	0.215294608921104	1.92762942441567	0.258485302483141	1.79703874906153
C03145	0.120245387460343	0.842890267088238	1.24147638384784e-05	1.90458242800044	0.000106763042362808	1.84634832343161	0.265825436808353	1.13237985921695	0.00952935284408616	0.75017480920775	0.000282490522774488	0.594555448254237	0.0464793448367437	1.34344873043646	0.000579393663399699	0.613307816757085
C00355	0.0163267750810096	1.13657327009855	3.71341797054932e-07	2.11318489270535	2.76935368144391e-08	2.04993271734544	0.00305885193956072	1.21183210969415	1.61788034166223e-07	0.121461125487621	1.70697386364584e-06	0.573462413950317	0.121961507405867	1.06621556355014	1.26978902746522e-07	0.591157016735364
C06114	0.388794185920234	1.19003691488771	0.460563606231064	0.801211809195284	0.0396025358966772	0.402665053750183	0.548515109049359	0.873217848156741	0.0182975721078149	0.30381488033696	0.701212871584317	1.08987141494304	0.00402840176056688	0.733773748723702	0.0294638146462438	2.168596057751
C02218	0.0113767756960862	0.929700277472562	0.0108437889197423	2.37286586469239	0.00025043416286874	1.67892300957487	0.000217134212333725	1.12244853206327	5.24664670269778e-07	0.317609188818306	0.0148480128981723	0.473034969555171	2.80477920000378e-05	1.20732300426403	0.000401336982088698	0.668552712460288
C00041	0.702640355497365	1.21199867302273	0.534092458776242	1.44009566642223	0.363282643813132	1.67050344682449	0.446058477224119	1.39311436570609	0.535014655626629	1.35260141385928	0.948076481463664	0.967376264083301	0.757832619178099	1.14943555361464	0.707670621159335	0.833948812469862
C12270	2.42035171676386e-05	2.27730538067932	2.13372420195933e-07	2.91243931671767	2.69144374275623e-06	3.51943015051723	7.41045002678451e-06	1.94772342228924	0.18933800471603	1.02316053221557	7.57049985811062e-08	0.668760173339623	0.00288844361874895	0.85527546670453	7.94086185819094e-07	0.553420110355933
C01005	0.200809898473538	1.80513607229332	0.229028895231852	1.8984443368186	0.754211827236321	1.12017809927889	0.890117493048864	1.0751235579653	0.457732948103463	1.33037083791039	0.282728165465286	0.566318188589606	0.26686022549136	0.595591420761664	0.919007096577078	0.959779126781191
C00719	0.0718994079843689	0.974667224291102	6.31281281014954e-08	1.30506773589237	1.51256934479635e-09	2.06308206393676	5.84069052964257e-07	2.12358322795486	1.94370134340408e-09	2.09961222130758	1.67842297490291e-06	1.62718238260852	1.79218145326825e-06	2.17877771513184	0.141734655671586	1.02932562163943
C03972	0.027217003814306	2.01364975418614	0.00686662808301525	0.128047656164788	0.0352811682614396	0.419128948187209	0.0225499712202972	0.390948206777105	0.205594528051609	1.39513167098117	0.0799893124291144	3.05314613704434	0.00420199927014057	0.194149059916885	0.883512165443892	0.932763552763439
C03239	0.616553054992967	1.0731128740739	0.771265551858	0.94424537805299	0.00446702201558974	1.5355208456494	0.668986174158378	0.932683291486831	0.108142366241583	0.791717204752299	0.953891489699705	0.987755209784558	0.383174070085935	0.869138106549828	0.00532490200762755	0.607405164266839
C04281	0.852413480360245	1.07413354175953	0.844101349847198	1.09839602241482	0.386463448537306	1.65673633441592	0.339874935831535	1.63014585143432	0.266414459824285	3.10713798155739	0.464049317154116	1.48411485308409	0.407875445500143	1.51763797336036	0.975872091475805	0.983950081597641
C00327	0.00573986732920548	2.22752786948002	0.327127387634541	1.30862605216701	0.0265725018994933	1.7862338328238	0.479059297856855	1.18347821302422	0.0568090305638049	2.21285053371239	0.535386326477669	0.904366997022906	2.57142757102525e-07	0.531296703057855	1.10558598714742e-05	0.662555031304776
C02710	0.00954704087976994	2.00870502414453	0.000841765361348305	1.85374626272311	2.49753822526134e-05	2.52919041659053	0.198661299424929	1.33936770350926	0.692609267989055	1.07583746112086	0.0625206596151774	0.722519435611298	0.0662354789759706	0.66678167645828	0.00268453599085674	0.52956380615849
C12989	1.08040730129194e-06	1.30576240981964	5.3543390055409e-11	1.63589161014151	8.52454907964122e-05	1.68498521540358	1.03510020749853e-07	1.35591326675043	2.84431348143887e-09	0.589524930329643	8.49901736750151e-07	0.82885275426844	0.0448852490755476	1.03840733701142	0.00150001762421571	0.804703361403478
C03740	0.314875972433474	1.03679946148049	6.0854715060847e-05	1.90252521555928	0.000520411965023442	2.12281209937864	0.000214939709738435	1.22188253446806	2.03852038250894e-05	0.564862407395638	0.000371986501347371	0.642242491439919	0.00022101101336325	1.17851385910568	0.00147726681297479	0.575596179626881
C00334	1.00224908570647e-07	0.756170203894664	6.82525370020737e-08	0.699349030494563	0.741053564373735	1.00474041549957	0.00962983598557419	0.959334004767204	7.5330203626982e-11	1.5261155365244	1.82388117691347e-07	1.37175282003149	4.00805391442363e-07	1.26867469760927	0.0122441921385179	0.954807818982988
C05689	0.789967973285108	1.17140030755511	0.202417564441172	0.229815171050492	0.582721658109623	0.650687277567475	0.233314816401559	0.284907921451326	0.847779703922938	1.11609055239894	0.641069419577341	1.23972634247341	0.0673320657611673	0.243219947624884	0.347658321632403	0.437856911105476
C01850	5.32809092174077e-06	2.84719987416084	1.64900901626387e-07	2.79271481502003	2.56815128965757e-05	5.4743117427199	0.000237010254873548	1.35964874115596	4.95966973957381e-08	0.401713257029088	3.07087028528422e-08	0.486855562137379	2.01713722437704e-06	0.477538915864379	2.54859823430698e-05	0.248368891845466
C00637	0.000792527835549507	1.22394871926038	2.3578288698486e-08	1.44786920816845	0.00133164714597518	1.49426209521131	5.61412498972059e-07	1.34934949284058	6.61081349650752e-07	0.702529885109194	0.00267967802907181	0.931955376375124	0.0121837690078486	1.1024559048977	0.0952773135539692	0.903020626143745
C02938	0.495816971845593	1.13727401555108	0.163038997183786	0.73807116742109	0.884220797525495	0.960676246360744	0.339743993470973	1.20274082910096	0.393676278090216	1.17842495943892	0.0523720303787599	1.62957297641564	0.773846399040387	1.05756467892055	0.41613213954297	1.25197311129239
C00643	0.000107129892514863	1.55076177932404	0.000463916353024548	1.55336743363506	0.00131976503190553	1.64741868798844	0.781224422477649	1.01435316569427	1.10516529264161e-10	0.525393300475704	7.74402134879965e-05	0.65300272410151	3.12953902190746e-05	0.654099926383544	0.000392683864144233	0.615722750439858
C08313	1.68877471887834e-05	1.3109496215126	1.22407274275933e-06	1.63896607186319	0.000129082744820093	1.71387901535054	1.10316229401638e-05	1.35760230353174	2.19744805616526e-05	0.597843459406287	2.7734095344026e-07	0.828328497360785	0.136565045908272	1.03558693732664	0.00454138298018031	0.792122601054236
C00463	0.000812453551662732	1.20628798419206	2.91861552271118e-05	1.43526996715097	8.55527992771734e-06	1.43988231962591	0.00021171582238572	1.22334174174435	2.23798716981289e-05	0.654701983970399	0.00287187604761098	0.852342604348297	0.631419500531329	1.01413738491619	0.0010885106840477	0.849612308637963
C00940	0.502972804580131	0.748544209285453	0.112383757143041	0.335476512294598	0.231638849181845	0.492308350156377	0.769359035259956	0.86545392872936	0.637815097756484	0.798101961254653	0.164460443837636	2.5797750274969	0.737161376017375	1.15618278518981	0.34602077958963	1.75795094366053
C03277	1.67340502700275e-05	1.18399393944496	6.3957357908956e-08	0.637624886758303	9.87087057870536e-09	0.564260890110767	0.00296881033251701	1.07088489306076	0.0024266846003719	0.296072172687719	2.63488533603452e-08	1.67949042658162	0.000415181341084147	0.904468221824495	4.90371428386382e-10	1.897854187361
C00051	0.0253771948444151	0.0135876835092203	1.43745255772032e-07	58.5385852828304	0.231435198865746	1.6174355308329	0.332359278635874	0.664446022909262	0.0256497326343109	0.0169005251302551	4.30077149437401e-07	0.0113505650964911	0.0105368179784602	48.900610796416	0.0643740672410226	0.410802168150162
C00079	0.178340397265878	0.0084328994213292	0.178352768631247	0.00846863407023875	0.17887882929064	0.00999125682120135	0.699508810318947	0.646849562829838	0.658501362765553	0.663016317114055	0.374589600643336	76.381805786491	0.374565419094502	76.7054758407021	0.375614685813407	64.7415609873254
C00423	0.65540908337499	1.12115881611796	0.0826427392051429	1.51722729321692	0.891640546308498	1.01887850977064	0.106847905430417	0.629524886766851	0.115637190376093	0.555028116973373	0.0127706282354024	0.414917982019749	0.119657888176508	0.561494837053144	0.0710918268261937	0.617860599404105
C01877	0.205683301439301	1.55786859963235	0.558398308933433	1.26192630442756	0.361065249165753	2.51038372537047	0.0951112245781838	2.33115702107929	0.0352659216390679	2.83501990437611	0.17495915556358	1.84730044290245	0.302513907283128	1.49637589564963	0.913655311435263	0.928605853169029
C00134	0.348595973856071	1.05868342223467	5.91292271311148e-07	3.06261128402227	1.38728521226411e-07	4.9465908627017	4.98812700163713e-05	1.50212742320649	2.38047952181578e-05	0.00737258614491556	2.76324547945027e-06	0.490472764546756	8.83859166537346e-05	1.41886364862105	2.48197112424725e-07	0.303669226928153
C05580	0.76848702691882	1.0731061205183	0.601033243945538	0.85335879034145	0.142922287772429	0.59803241709902	0.478237618936358	1.16206142487826	0.658447922903721	0.87417432758734	0.259280671289739	1.36175010796255	0.697143096973689	1.08289516074793	0.0404892694138403	1.94314119377553
C02989	0.190669408650603	1.40821379540219	0.0227813168581822	2.27576331083103	1.60955635897295e-05	2.78885995104126	0.256533530718902	1.34781281846278	0.0115952978931963	0.452218138956528	0.0751521459664319	0.592246483651505	0.865004029570973	0.957108091728248	0.00271843586700508	0.483284511278366
C04137	4.34119999329073e-05	7.14996130298167	0.0823743029012085	2.02751984831851	3.52178275109394e-08	13.2055911103584	0.925104876132586	0.957565139312774	0.50626076080007	0.700761403795344	0.0554833767680753	0.472283977938324	1.15647733166428e-05	0.133925919139374	1.20175429937468e-09	0.0725120997091652
C02647	0.877353210474117	1.05387005826694	0.537686443323203	0.749467754273605	0.348875676619316	0.671789207806116	0.358046189830227	0.705099558668167	0.8613353585804	0.943062427717162	0.895660983777119	0.940800394209834	0.222401142032993	0.669057397671668	0.897009685153331	1.04958452811535
C02637	0.687061064403306	0.783295289376065	0.261628208305511	0.459878834601429	0.724200799921994	0.821745854183742	0.810776813537306	1.10449600824398	0.888832101132391	1.07287619292461	0.00415990933935622	2.40171089674355	0.379754884911767	1.4100633863428	0.354931128103276	1.34408467365022
C17235	0.00363461095245285	1.52778135810425	0.0554522833924783	1.79108646858819	0.0319465086169949	1.32464617732246	0.00357537682893422	1.41181085505604	0.578972497217812	1.06660940613495	0.27634246223087	0.788242711793187	0.34640594736839	0.92409221225731	0.457382422041327	1.06580223400468
C05572	0.405506032070827	1.28429951054217	0.564440439963855	1.12583961570576	0.993053870779579	0.998075790555127	0.872941296542191	0.95425292703026	0.388756997895857	0.774259955888074	0.424614285158	0.847592244684035	0.332296975674047	0.743014319632822	0.837830789054955	0.956092649536672
C00245	0.000252984654709175	0.656101647205093	0.0308121025046148	1.14935260350644	6.39121992780612e-05	1.43347107587453	0.000655241160303437	1.62482156467186	2.38437639023811e-07	2.08111693961989	0.00278255485170708	1.41368415551056	0.000108115253512984	2.47647841091908	0.0871899934566211	1.13348751294518
C00315	0.590954770366993	1.21225325999467	0.467377010187664	0.681610140330213	0.325238433547325	0.605817113870634	0.293783360888218	0.609772533840246	0.12055480995348	1.80474653032617	0.842771164026755	0.894606018544317	0.0830444091195818	0.503007543030181	0.989693290920661	1.00652906608125
C01672	0.829195136825536	1.06277441957587	3.06750110537866e-07	5.86050934071579	4.6501702839896e-08	11.5387637170331	0.436875183202358	0.758036089898758	0.702406042936932	1.08890189890551	1.61824049186934e-07	0.129346451959784	0.303847688547326	0.713261512448964	4.69443261447241e-08	0.0656947406575087
C02794	0.797147167402458	0.897180956899103	0.989337654254482	1.00481732866106	0.244068698278771	1.46884626935052	0.421899311860957	1.28780570556353	0.455902003735725	1.31401758508401	0.407483910292055	1.28163166461267	0.316131881094514	1.43539126155167	0.618341779387123	0.876746418216364
C00349	0.481260174868223	0.490375707403924	0.606466053442349	0.637494686152129	0.901474608791414	0.914036746309003	0.836834445590376	1.1968917769244	0.568487918272238	1.44438262731731	0.451748743341069	1.87749294688047	0.355965629391381	2.44076482348772	0.696519149763124	1.309456957565
C00328	0.118280770826342	0.775391657225463	0.697030532997603	0.937881854038489	0.0768041163635408	0.732205789673869	0.961800328784747	1.00755049329515	0.0964824571429454	0.755413344724646	0.646288410464266	1.07428295894272	0.0858243228808301	1.29940847816239	0.0541511437145467	1.37604824696063
C00547	0.952474074886269	1.02735874601099	0.61868323093486	1.26424650432436	0.37554564434216	1.56180544514388	0.677864716598532	0.798445452755817	0.58105387837638	1.38172949424165	0.301788965755078	0.631558363044495	0.511978387379183	0.777182708431699	0.192520709841802	0.511232340262626
C05607	8.3331636300139e-05	1.29942467853472	2.81519007833975e-07	1.50538241283642	2.58227660716513e-07	1.50956361117019	0.000371584628700434	1.19467898404972	1.21136925036878e-05	0.668126307123182	1.84359171530859e-05	0.793604982935016	0.024403654927061	0.919390714817644	2.64074364401959e-06	0.791406851098926
C10164	0.126676163531509	0.697915563861329	0.190777242550698	0.745641720322658	0.577198929118292	0.899546796017847	0.363121984527352	0.811353970715252	0.832105286052551	1.05268959565826	0.657751364591454	1.08812845177729	0.436483128885058	1.16253886963963	0.548284020090495	0.901958602161654
C03564	3.85030620714585e-05	1.53409044061504	0.00232879214560196	1.48100989770615	0.144017982149101	1.09435736957577	0.737704356354632	0.975192867247878	0.00198532216308599	0.715487881707448	0.00174802316901166	0.658464787276777	4.42709585592126e-05	0.635681470550661	0.0894880099273555	0.891110065467844
C00158	6.72466124794794e-07	0.0354721033834584	1.0172798976771e-05	2.28617393647055	7.70952497532279e-07	2.28474169203751	2.03248951307264e-05	1.60529273441737	1.78180128773213e-07	0.0319384448523964	4.81668874180145e-05	0.702174366004567	2.94278747020038e-06	45.2550759977195	5.4546275268402e-06	0.702614540633599
C00232	0.41924693197076	1.46891733170528	0.977141403651421	1.01035971059568	0.465004360017014	0.702843101643859	0.343978711503489	1.48331242972338	0.742479358406231	1.1533298669199	0.304579117907777	1.46810330436559	0.981281417399008	1.00979980132809	0.128567280023124	2.11044602451686
C01089	7.58601509085704e-05	5.87719188706681	0.458213706758614	2.04035857007918	6.81864917359463e-07	8.61051641255502	0.221023652166449	2.05995370762715	6.32523181704153e-06	5.6513823029241	0.989443422723368	1.00960377153081	0.00518288124595933	0.350499651399886	0.000131632575582035	0.23923695269003
C00026	2.07560622838432e-09	0.567596663609678	2.75032369111914e-10	2.6301800893044	7.83207690878795e-07	3.07232261474132	6.25144387849077e-06	1.83259988571701	9.7106230143482e-11	0.306377709433497	8.79746873938906e-07	0.696758329655547	9.12392123066379e-07	3.22870094771601	9.99728442648688e-08	0.596486800222088
C00109	0.421271756634672	1.16839441007406	0.295891158466795	0.712727160855314	0.382260279077501	0.758713514953726	0.384947130555042	0.800575912153349	0.242893182805279	1.24080071597059	0.716964423718009	1.12325719591297	0.0575724319326902	0.685193206378491	0.86495493374087	1.05517549954567
C00022	0.448511795816987	1.49313102472521	0.796888450785584	1.17328008838473	0.813589581086613	0.854131869769067	0.50846783489525	1.46286364042984	0.706107216170655	1.27950752054425	0.672725915252598	1.24681536396291	0.962777985532769	0.979728916086958	0.347590523342655	1.71269061863405
C00124	0.142018735114555	3.10214520308716	0.203682982007835	7.07509949340597	0.118939715432858	2.50937143041712	0.111079873321884	2.05566639776984	0.0734557545995615	13.4527302296559	0.279469163972652	0.290549468553161	0.441377872471825	0.662659631703927	0.637661722617106	0.819195744740005
C00476	0.409960310894347	1.92073730272608	0.676171507449768	1.15575504450328	0.880508602673675	0.926713819460251	0.255883822513217	1.58558367241474	0.0200616313005468	1.96426326024609	0.421071832381164	1.37190287851713	0.766238511452612	0.825507824606906	0.293491041846386	1.71097445524039
C02876	0.660094484752649	0.758312398799509	0.810958017410476	1.15074761580982	0.767845966156778	1.13600264625746	0.248539043878497	0.471663998631272	0.119774683773703	1.90892794416742	0.227707719468262	0.409876146733831	0.48775157840681	0.621991674378486	0.0346196031524916	0.415196214714078
C02431	0.677367682721267	1.22039939625122	0.165475301371822	0.378895877282112	0.22157521014725	0.456431593161244	0.255195412694142	0.509656464122294	0.261287772146431	0.518201757757902	0.225148030193299	1.34510955299422	0.116752480046376	0.417614483986012	0.747208680729661	1.11661083886068
C00191	0.811946944163829	0.923776249344334	0.620616588452074	0.820807015330497	0.352846298931122	0.675476843622374	0.620213068570957	0.704941655339277	0.77229306763665	1.10085038598945	0.83243131196775	0.858839705524974	0.678944705902384	0.76310865952618	0.955841110223121	1.04362075768415
C01132	0.0466652144960218	0.845064677614892	0.000155519355856763	0.379637103368105	0.000222216224715881	0.547959594607616	0.0942548796810474	0.745688873403182	0.186078825071425	0.786937049167156	0.0314339255846786	1.96421494840072	0.447539406810827	0.88240449891695	0.167506280457754	1.36084645791658
C01732	6.19603863826729e-06	0.520666816749705	1.502744335764e-09	2.63709431477724	7.82054528357313e-09	3.16058291490314	1.19035572288589e-08	1.84790342458285	2.8416292516922e-07	0.319655876919174	8.48789883494865e-07	0.700734673852171	7.96715972170314e-10	3.54910926745533	6.59938474081943e-07	0.5846717122558
C00227	0.909517871716466	1.05508566908053	0.625356677253605	0.769790276389742	0.386710050912493	1.4130394260013	0.179978991921363	0.442081885242706	0.608841976752384	0.75060421006851	0.328867468233216	0.57428873655827	0.127732595397238	0.419000938215725	0.02893999120734	0.31285884675825
C00392	1.34108007416334e-05	0.320334848531901	0.000739767388052195	0.793234814487205	0.00325782043544573	1.15757706875489	1.88863410154369e-05	4.02656587510423	0.00067479424580597	10.8812448656302	2.02906651639708e-05	5.07613357553809	1.43250043170435e-05	12.5698652318286	3.35606527194032e-05	3.478443020157
C01151	0.026868074659227	1.08768003172415	0.204667445545626	0.958235167385148	0.284624761179645	0.970302607495976	0.0304366674626264	0.902471281312954	0.208258110379341	0.942154777417652	0.19624459163263	0.941805636058669	0.00189548733437325	0.829721292099467	0.106033355405768	0.930092606513682
C00257	0.00068235523727183	4.09954620394786	4.53059102321489e-06	4.00889888625124	0.0328396449586493	1.21470871056092	0.000125000467819845	4.69010174007425	0.695490652637808	0.929371202222146	0.0792568093974641	1.16992268279932	0.227148873541676	1.14405387980691	0.000198448734205176	3.86109171630825
C00741	0.0657313718639546	2.05520661323121	0.828513389570547	1.10776805431487	0.0115728895757597	2.70870670940858	0.0907381691821082	1.93669138206779	0.00139186433087571	3.96683093632215	0.0155565002838655	1.74828239045545	0.434877296807712	0.942334152488399	0.0282699238740159	0.714987479205767
C00258	3.29504687460683e-05	10.201146631412	5.08540208051448e-05	10.0196595928921	4.07808129961132e-06	5.10846182254745	1.957402029567e-05	1.82284487373139	0.0234176975755451	0.880588807998956	6.55029027981497e-05	0.181926826638353	4.07404786023027e-05	0.178690194307998	2.4357316096576e-06	0.356828520414074
C00689	0.069162949365767	1.18114001338149	9.42163931599957e-06	3.0666097072268	0.000347108441566751	0.333013319190717	0.0233737966928744	1.65921377793423	4.87457406871923e-05	0.233136212045594	0.000508463592796847	0.541058020531311	0.0670234917681765	1.40475621783743	0.0010548016358619	4.98242467288224
C00092	0.000426136060909205	0.766270555242413	0.00314546625505787	0.826258734033172	0.000360518037983252	0.379429600338233	0.0105616882343024	0.892005846313677	8.58248840248188e-06	0.564843580141038	0.154450996968024	1.07957206329254	0.0139000902161107	1.16408733209315	0.000513533529420098	2.35091264761242
C00198	0.0182462799986758	2.74837497853881	0.0117541763380053	2.35859956524301	0.030010306575021	2.46946030626438	0.0576810292768097	2.11729456590415	0.73586266802499	1.17942405055649	0.570122422962436	0.897691408539711	0.331227080712539	0.770380527561717	0.56404937160592	0.857391617323478
C00379	3.79486889142515e-06	5.93524589242362	2.8808065852889e-06	3.2980768665596	5.0342972584194e-08	2.31683617829168	0.0011743114822675	1.21683274103342	0.393756639944873	0.95486700046085	1.2482332273929e-05	0.368952207685432	6.87679103726e-06	0.205018084016824	1.42249882801982e-06	0.525213112793606
C00794	0.133395211186563	1.35923450719579	0.42806840606397	1.13738281106022	0.00319586340544841	2.08891920671045	0.107300724789365	2.73073031816168	7.09362200316174e-07	35.7138628260784	0.129730366493687	2.40088938535672	0.178134528782722	2.00902074197292	0.493693195695338	1.3072455408469
C00864	0.00020392946783679	1.58915587961211	4.22909835176606e-09	1.9956225253923	3.09653463350782e-08	2.69957142135234	5.14506591406717e-09	2.07933658764754	6.43203987005077e-05	1.38986098631973	0.0699183353382678	1.041948846132	0.000435305049856205	1.30845350939083	1.2257410898788e-05	0.770246925567877
C00568	0.00125319739234553	1.19469665700744	4.8637793700403e-08	1.99774324905889	5.4147923856949e-05	0.752695840498761	3.03682924938385e-10	2.44537984607565	0.241552090202037	0.798048279318317	1.2342053412612e-06	1.22407113488063	2.51798792508894e-09	2.04686255019831	1.48038353554059e-11	3.24882869613741
C00504	0.0263879274728878	1.17994695278224	0.092022536235558	1.13345039903436	0.00919447109293493	1.24229628326447	0.995038608471999	0.999588959630588	0.0129430844059099	1.28048559312421	0.039855138262516	0.881899164252965	0.00372464761694732	0.84714737156075	0.00274542796420668	0.804630081484185
C02656	0.957084972367599	1.02242163008966	0.299767824523137	0.618504822222907	0.128208740379713	0.458391855411864	0.283454976819722	0.568979199174131	0.206117332953323	0.524179084933621	0.877757322330396	0.919926860277692	0.266897820337854	0.556501527774051	0.684430678212389	1.24125067331946
C01040	0.520654722328336	0.73409737670177	0.807972367727215	0.916211198016499	0.261118857909156	0.675604360658943	0.375873653324323	0.671431485961993	0.78476537142535	0.873986375540171	0.54117713972673	0.732834839189449	0.889361485409599	0.914635452014107	0.990234444672449	0.993823493541575
C00072	0.0686328897377247	1.50468217332829	0.943197444576929	0.972985047883503	0.449967613379486	0.773362264997581	0.394242366979163	0.680314489426723	0.167638885375195	0.585649655864707	0.505142655527405	0.69920343679133	0.0432914647294749	0.45213168700065	0.798724375759826	0.87968410176937
C00966	6.70516302191076e-06	1.32149100726888	4.63884155368196e-10	1.67854820767585	6.4415771514956e-05	1.74944929707997	7.04433124077556e-08	1.37860785576009	2.52757219263342e-07	0.600342564841905	4.02193417532434e-07	0.821309658820544	0.0669424962562089	1.04322151885789	0.00134074758350848	0.788023898755534
C02587	1.46238876692202e-05	1.31293536217742	0.000239129812222613	1.24475761159482	0.0309526927458935	1.08109600637038	0.00049691234101049	0.778085065926867	7.48608763886458e-06	0.498107496842184	4.12437566987906e-05	0.625089622814165	1.06408239912795e-06	0.592630138803225	4.51801656899146e-06	0.719718749622592
C07272	0.510537207053301	0.884839600945012	0.00216897360165077	0.216928132353809	0.0381273520632805	0.492884705668697	0.100811919678463	0.631711018697246	0.231074135787157	1.2878787703258	0.0609400823543454	2.91207512756772	0.249615017016999	0.713927154732424	0.562819640043879	1.28166082540582
C01596	2.16329029148697e-06	3.28544126370247	1.12514829743238e-09	2.1159386945303	1.73006186001387e-05	5.13556189150157	1.72658643364885e-07	1.88074812233741	2.41335793125104e-05	2.36364362281366	0.00116418957886819	0.888848116062694	7.75507848683683e-06	0.572449169344741	3.60346960160617e-05	0.366220515314929
C01727	0.954301154056548	0.998035586640136	0.186611389891562	0.957999667758069	0.525318749633543	0.973105855623492	0.877812307796519	0.993288851059784	0.607289780248024	1.02211230663064	0.370815501575401	1.03683632102326	0.909160767172321	0.995243921515533	0.674045813540376	1.0207408015476
C00931	1.70679081165735e-07	0.81023310720809	1.72684459352417e-07	0.823808616007215	1.92580470713162e-09	0.679680031964196	3.3674682873713e-09	0.583113354304873	1.52338216158528e-08	0.571525753874837	1.45904445535217e-07	0.707826238976562	5.73274046596437e-07	0.719685913988595	4.08823650729118e-05	0.857923326980407
C00715	0.421544737287101	1.02359309380003	0.432583698672282	1.03209846020127	0.433008896428465	1.02114971073859	0.219256063456727	1.04322995311516	0.927290729146078	1.00301007557099	0.781229718511719	1.01078530134782	0.499712285862248	1.01918424365509	0.413423083493043	1.02162292379302
C00255	0.650606807543511	0.909585631136158	0.711410876492527	0.925143639726638	0.943276976577654	1.01768616727169	0.748274576792023	0.940850192276267	0.60270980701464	1.09576732423671	0.896896181110763	1.01697742045146	0.785973416871157	1.03437231203956	0.694764104359777	0.924499342266379
C03722	0.411480478131018	1.32814214819816	0.0845420839888397	1.62588792930752	0.479575850351544	1.32839687522845	0.905657081310941	0.955727532912895	0.237689129206861	1.66179598021461	0.0499657558775413	0.587818825446319	0.330097680999463	0.719597321875142	0.408848943746973	0.719459335334955
C00153	0.0670735111061684	1.04815765775586	0.00597271238374309	1.33525626082854	5.70947298538821e-07	2.06054533153856	0.000273109942768303	1.33121860733119	2.38886084278203e-06	0.803265374399649	0.957792496488983	0.996976120902177	0.000279920044812229	1.2700556996181	2.82701132244741e-07	0.646051599523509
C01046	0.525943140058997	1.01963902439221	4.044144552615e-09	0.0694719566755776	2.57115018775161e-06	0.0309837374353033	2.48927056334179e-07	0.369281119353793	4.44137498105359e-09	0.0511839755011415	5.10675166118318e-06	5.31554222775491	1.51921054208664e-09	0.362168483668931	2.12269514067348e-05	11.9185466286914
C11142	0.00626016343333203	2.87280426415369	5.96239167494462e-07	0.0959945659834175	1.14044083685532e-05	0.0081271415342781	1.29142212488263e-05	6.18739363096924e-07	1.29188363380282e-05	0.000234625966486354	0.110499081609592	6.44556654596269e-06	0.00134026765351543	2.15378183198012e-07	0.10460539114969	7.61324704986677e-05
C02632	0.791122838646148	1.07640543468181	0.450576752025483	0.755364944002326	0.897917623165551	0.958093342471637	0.943336155567165	1.02559884488892	0.154681268912168	0.457533045443073	0.37495881236675	1.35775276974696	0.847235662541953	0.952799764702122	0.825677765440135	1.07045816876583
C08367	0.142975624659345	1.97507249411208	0.219156707029271	1.70137346472041	0.569081186417381	1.33946355855262	0.356037165167814	0.569306974266931	0.784594171497196	0.8563803807823	0.0307743983744761	0.334616112259919	0.033779024212135	0.288246115504166	0.150884955220958	0.425026101405928
C14809	1.18103439879465e-06	6.72827787290298	0.000266461436405824	3.62944236596042	0.00305442521014532	2.62426003533183	0.433186083819562	0.696543692725484	0.109068770102056	0.404606845433445	5.58956094544631e-05	0.191914796404589	9.30768914191353e-07	0.103524810639985	0.00068819601837708	0.265424799123388
C08316	0.622210720172017	1.12761510860094	0.0934656527271432	1.83808263206515	0.532179522948162	1.17863492022257	0.229699170911376	0.69446483019502	0.398276719517226	1.60332589252142	0.0346795274538102	0.377820244900941	0.0289770310421627	0.615870455173892	0.0497901294922775	0.589211144417711
C03196	0.144539103073313	0.498358224688925	0.424000959862799	0.72124896386666	0.165799310489528	1.97452306081112	0.347372238872177	0.676750791193993	0.774863062399136	1.17762861976862	0.877243727982056	0.938304004716888	0.490685164936284	1.35796051448016	0.0788016306116518	0.342741396454487
C08261	0.0105325829785559	1.15014872917769	2.50003431688031e-06	0.603636851303912	8.19697386457193e-08	0.28636653790707	3.50870556930253e-07	0.205825632136099	1.54262602856609e-06	0.0284734959361726	2.59361687691526e-05	0.34097592234718	5.86265667020039e-06	0.178955666266968	0.000984935216105154	0.718748893080841
C18319	0.643654612254958	0.718754289045011	0.493068727025687	0.567212380079583	0.828832804572264	1.15022016037373	0.383987994291875	0.46294713969965	0.531943397125104	0.625769877480792	0.674478042218701	0.816179540430157	0.214594258182992	0.644096524717445	0.152959458542014	0.402485676784893
C14825	0.00289008064728405	1.24855675203455	0.00726445060429728	1.17862523712822	0.0111126653546014	1.119902601241	0.200652829745599	0.962721555203921	0.108609506488816	1.60171695366567	0.0021719674145376	0.816817360495049	0.000833798606940824	0.771067517463782	0.00319268216681423	0.859647574831149
C04741	0.00033021583649466	4.75900239911672	0.133150501625086	2.35889243552068	0.338793051676342	1.58865423291852	0.173721575372774	0.367833668203017	0.391975083677387	1.72376313528101	0.0444384711558633	0.155934905154683	1.72766658633369e-06	0.0772921796112746	0.0479708462386612	0.231537902069017
C00639	2.81621185839618e-06	8.47394717497665	4.99510833864425e-05	5.95806006511684	0.000262067663199349	4.24507292150816	0.0966011475354837	3.08073560732826	0.748833298186959	1.19064669341693	0.0382425783243677	0.51707024999048	0.00405673244138286	0.363553789481434	0.295698413826829	0.72572030311172
C04056	0.407087791794949	1.15527080546206	0.609074869013198	1.10166778998247	0.0267926388289377	0.540596547734244	0.915239987252059	0.972897900265243	0.192658531938516	2.84388264138915	0.619820467373866	0.883113683736478	0.470481910306441	0.842138393583071	0.110931947828019	1.79967464524675
C14828	0.00995290829627268	2.95260375104939	0.0176354948247007	1.56096732413251	0.120983485326165	1.45523770314678	0.32894495131659	1.19218698478255	0.258919424687191	1.20757763554342	0.0907231431206914	0.763748841088071	0.0145321627938113	0.403774798551561	0.343140751824678	0.819238659227001
C00427	4.3666273401907e-10	3.8131865259205	4.13366918269099e-07	2.11053035467959	0.0283980215658476	1.98982326547065	0.0780163330018387	0.904763646368818	0.00108273309857437	1.6839993642164	2.11151592806295e-07	0.428690184134392	2.83174974988035e-10	0.237272328594104	0.0211044489739808	0.454695480784227
C03017	0.00783902048680621	0.719568717598628	0.000327596640383333	1.35205718519923	6.22385693943873e-06	1.48040958907794	2.0663829870359e-08	4.46012069703905	0.000959231148094754	0.755070355719727	5.57573835659621e-09	3.29876631392764	2.66897187167224e-10	6.19832489650679	9.35417996674854e-08	3.01276128575808
C08277	0.262716327681717	0.912232801364378	0.00205621781286728	0.716679020804857	0.00125749463370041	0.687567827478451	0.147270468657786	0.920183014428314	0.00339158331244393	1.30084417349169	0.00862322473171251	1.28395416597365	0.899350231367306	1.00871511422528	3.07409775676638e-06	1.33831598520679
C17715	0.579476859428916	0.866250185456933	0.191943059797794	0.684882062545521	0.173534757357941	0.721450695606321	0.267730776435264	0.760117074776711	0.00552729383388664	0.311437111263791	0.742779670484382	1.10985104786007	0.65975611305702	0.877479840741116	0.841337193403941	1.05359531760919
C01530	0.43166601367539	1.34390208037783	0.630768861708157	0.797761715589243	0.404478639028799	0.649493430053069	0.468682402364572	0.685208999452789	0.482883750753391	0.673916161574937	0.7673894697596	0.858914367614996	0.12089210741179	0.509865271776459	0.923383460939784	1.05498988557406
C08278	0.00880555447625823	1.26347985371422	0.172232125914605	1.39084160854283	0.66329147338531	1.15924079499332	0.00378938861571125	0.555214388000594	0.00526484882040996	0.521559998060409	0.0202003250170269	0.399193110552888	0.000229028489080567	0.439432719380877	0.149733576852725	0.478946557435287
C06424	0.187778019634707	0.964084503542324	0.183990375129348	0.964269064022742	0.0825328738852927	0.947845049793574	0.939079141493104	0.998002639902565	0.497022561985225	1.0237599514044	0.164218751720225	1.03498357163829	0.169636179785838	1.03518170475266	0.07064285788712	1.05291749966929
C01601	0.179954986554736	1.01841765824127	0.324087422703198	0.989119063522105	0.0178565117695056	0.965125568862206	0.0129910894997068	0.949946339632055	0.871939738888317	0.995900868009085	0.0374271986917301	0.960396351324418	0.00354913267541739	0.932766956606526	0.368667356123872	0.98427227531849
C17714	0.632175630953704	0.745617567401639	0.320961137960101	0.462576016968707	0.276318921227273	0.405094294565449	0.820121252568102	0.880439060675868	0.418524788312935	0.566619834626058	0.0901869009585865	1.90333918832508	0.605397327267361	1.18081855788895	0.056191487964876	2.17341757829576
C00712	4.32302475007079e-05	1.25830335589035	0.00105491390873778	0.869970330999119	7.78409803874899e-05	0.803522858069445	0.000255979286067505	0.818601549844879	0.95728485952763	0.998637125876074	0.085990013864817	0.940953410336137	4.03187035481259e-06	0.650559776394821	0.574263865757419	1.01876572847182
C02862	0.800376466285849	1.00955098429627	0.681177849674453	0.98709100770054	0.0803714016856742	0.944069030714899	0.244409494770162	0.965135741167145	0.339939363538123	0.964975120788611	0.376125316172061	0.977757606581241	0.203519282564463	0.956004952875075	0.287455455597967	1.02231479877726
C00670	0.000786926289492084	1.09100872651249	1.61348248182507e-07	0.627620069474936	4.55356688939974e-08	0.367210171513108	0.00763115842530994	1.09168172590751	1.24680296464421e-07	2.53110557987971	3.82012758440475e-06	1.73939900746132	0.977630427281433	1.00061685977267	1.09821216269014e-06	2.97290709952063
C16427	0.0624496580917347	2.60337611848381	1.07578826600117e-05	4.69282988404605	0.499799662935151	0.783791353849516	0.00240802376550442	6.04287278891573	0.371963611459249	1.54048222056049	0.179952388024277	1.28768204648955	0.0113490659716207	2.32116778901509	0.0023875259490413	7.70979771496169
C04581	0.000407852272624855	2.50982304640126	9.55131076182927e-07	4.35817924269409	0.883089393628147	0.952050297949969	2.74991586264094e-05	3.09662606307002	0.0138814752551469	0.288158351328086	0.000196474950004094	0.710532057225754	0.00869621684179946	1.23380254536676	0.000287912402543679	3.25258662251135
C09538	0.231267414356711	1.05837465862763	0.0129433102479614	1.13193753566037	0.0926396466789385	0.898302178459018	9.12421940455192e-06	0.554052372991176	9.18027835507189e-06	0.490405481694981	4.08597420843558e-07	0.489472568526446	1.66527525466973e-06	0.523493612091587	0.000233006336088162	0.616777278600859
C00383	3.24185936624108e-08	0.539083201232654	1.98292176984387e-06	2.64340324787633	7.65866200141722e-06	3.22677340164091	8.06842686105368e-07	1.85253662702914	1.35376673393996e-09	0.291158525808061	8.11815734165135e-06	0.700814992384321	6.36635243764958e-08	3.43645771708927	1.75244986695337e-05	0.574114261040789
C06124	0.78956540395654	0.899103972964273	0.15149912980459	0.513292374191138	0.0407927691620168	0.243166624758684	0.0488625119435709	0.283437654480616	0.0556977900878117	0.314309492540411	0.210629122058117	0.552195334924401	0.0735359729712975	0.315244580163677	0.731365760486845	1.16561084302542
C00588	1.32356259981715e-05	1.31962571083808	0.000588159530053919	0.819070627743645	0.00106480455773195	0.814686653471766	0.00010652050633044	1.2621455484236	4.93665063891697e-08	1.83834703840903	8.56509287034701e-06	1.54094836961804	0.11843469201729	0.956442071458291	3.83577396339297e-05	1.54924048779367
C00318	2.41660952985525e-08	2.19902411151471	5.04840891473294e-07	2.02551222026218	6.86625562695776e-09	1.6646421081251	9.24352363865561e-07	1.40340512235556	0.000467788014619054	1.1258026938509	2.68855019566596e-06	0.692864307762066	1.36247713885477e-06	0.63819451319653	2.11271780949611e-05	0.84306717672559
C13914	0.293532694138558	1.01622684897919	0.09828105527827	0.976552235441895	0.949382974056822	0.998948533545262	0.639732112092434	1.0063811991521	0.0306739636158661	1.03440595590623	0.0620731710604098	1.03054517989681	0.54135094001729	0.990311562977321	0.673338647235996	1.00744048903146
C00836	0.202650857254699	0.979682724531094	0.54425506241681	0.990774909110468	0.297310418899368	1.01455217997047	0.0106471334536787	1.04483569584879	1.07051402036959e-05	1.14267931612285	0.00338680633085268	1.05456414594396	0.00120443680080328	1.06650415454542	0.0258484306567422	1.02984914573758
C00114	0.787782102137812	0.960289422101197	0.210207302966458	0.838558278319422	0.0280344050322343	1.52097004590073	0.542070927220172	1.08528670798202	0.697410961815135	0.914080395767458	0.0467854872856547	1.29422931720032	0.370942446934913	1.13016626342433	0.0500632463121688	0.713549034648675
C00319	0.000840316328794239	1.48255676769704	0.497104916267163	1.11963802264033	0.700249737632768	0.91085959300522	0.00920481050258262	1.14894734285002	0.000577567480631655	2.4156787488172	0.865856335689216	1.02617749631311	0.00229161014217392	0.774976964042166	0.332995862777832	1.26138798084046
C02934	0.00318157550660898	1.06895016656515	0.178409906177381	1.03113471178745	8.73023189603552e-05	0.872622661952183	1.52212780281865e-05	0.840170735054712	1.9656237609473e-06	0.780581914446354	3.13791016953897e-05	0.814802106310914	2.36664627690745e-07	0.785977458382769	0.0729442620267123	0.962811042719344
C00307	0.000603138507999537	6.05585749012141	0.858953640768817	0.975260608276041	0.00257009762171082	3.3401427410791	0.00376933251982834	0.501270917847994	0.0340911224118855	1.31207612889597	0.0178703534401561	0.513986634540778	0.00033586818403029	0.0827745564795226	0.000876177078082554	0.15007469940822
C01227	0.440907725313328	1.38552556373376	0.846632708612603	0.938165563552413	0.488004613150856	0.774604487457992	0.337974358882952	0.678430480985838	0.113312768287575	0.369430996961482	0.00991807174381281	0.723145793602704	0.129680059499088	0.489655693654314	0.0505940956524786	0.875841144701127
C05443	0.207850566267005	1.80278825180994	0.821153726350165	1.10049943233709	0.640778055399349	1.21752135051366	0.269408534827832	1.69309566288981	0.203617802514887	1.73253127602925	0.36517850885805	1.53847936049747	0.882129936860457	0.939153925143451	0.47043832721208	1.39060860179208
C04483	0.181762596862651	0.911622192317227	0.0952512713216472	0.89322062185836	0.358645297382118	0.945636505179851	0.0143136094407321	0.813455704418595	0.337238754905227	0.943993261620436	0.175019249619009	0.910699646327228	0.129089119383801	0.892316697941385	0.0381033993524191	0.860220285450892
C00187	0.207903642631121	0.624625612808382	0.972942831432102	0.993267851740841	0.96313025768276	1.00935322483887	0.66989499240321	0.914749866506108	0.199998702323468	0.640493165625451	0.192830131074593	0.920949837350399	0.229200256673779	1.46447703672172	0.214291518742495	0.906273288671696
C02537	0.483217170351734	0.738101593214722	0.365906169129397	1.28051361240004	0.15654641661312	1.31810175111387	0.597633642353028	1.15969171703997	0.0229989964977113	0.352160148356481	0.71649465803519	0.905645754804891	0.298502700342025	1.57118170140924	0.525870758435043	0.879819570879081
C06193	0.00238973160029079	1.43659259608756	0.000256691831813701	2.34186379885077	0.278886324650469	0.939533580466003	0.000322856881703326	1.71383394252999	1.15750340119687e-07	0.430355257814239	0.00328588750867399	0.731824772803196	0.0277449652313685	1.1929853649514	6.52393793594893e-05	1.82413271666133
C00106	6.38719069269587e-05	1.37688837538864	4.9407096701327e-05	1.18343477219826	0.000345164471191598	1.14091939078062	0.0286313337614899	1.03026721834849	1.87925310848267e-07	0.736360361257496	3.47305550412125e-05	0.870573725356017	3.67114702308582e-05	0.748257619690984	0.000545313544067228	0.903014907690876
C00380	3.07267343618083e-08	1.64374627736774	0.0401645131947804	1.04967353261846	7.65087932604498e-08	1.87904378086602	0.0170983442923884	1.06331346126405	4.41517938677407e-05	1.20703186914876	0.338759559626779	1.01299444848492	2.36630531233993e-10	0.646884179088039	1.08398748672862e-06	0.565880088634224
C00429	0.692080887361975	1.05228380919905	0.424968394714122	0.888645098684629	0.0240720446382818	1.4141641884657	0.560719333755203	0.921595679449289	0.0538881201855386	0.669131993402762	0.438449546231675	1.03707957295149	0.00185329385015995	0.87580524511801	0.000210968591848898	0.651689306635019
C00178	0.591971302349292	0.855443404876322	0.897580302579449	0.963242208082432	0.0225746378087606	0.25584708553273	0.97329325112701	1.00965198458899	0.132705291079506	1.41040109217138	0.864598512855613	1.04818079618723	0.545941854696117	1.18026742486251	0.0161142476254538	3.94631028329549
C00385	9.17657386404576e-05	0.292983310624933	2.53041577030306e-07	1.34374720093618	1.86620549195251e-07	3.82057777721393	1.38079644961141e-09	2.33318002233443	1.49373713676085e-12	2.62843692939221	9.06531593008142e-10	1.73632363342519	2.23314928099186e-06	7.96352535356966	9.37161168684794e-06	0.610687743683586
C00242	2.56942763279427e-09	0.623426274115893	1.85692305616146e-08	1.30774634942718	2.29223225916117e-08	0.763489697372223	1.84463181718086e-06	1.5598525319143	1.60657344229669e-10	0.290284548208729	5.12862376646074e-05	1.19277911392951	4.32049267995247e-08	2.50206415205453	2.48114442229148e-07	2.04305642536238
C00147	0.00463432060468611	0.850516090305705	0.00590332408857798	0.660567391877008	4.48048153342878e-06	0.306065378890317	0.018121299014327	0.875792196827635	4.4825899387867e-06	0.038508116659001	0.0356243455271365	1.3258180885058	0.476650386140087	1.02971855184168	7.91227371992118e-06	2.8614546343103
C21028	0.691944066017878	0.815218453519475	0.924830608090865	1.04240633656171	0.320221826220977	0.542986032791815	0.498670650148724	0.68919007213777	0.521430534473559	0.704904534537583	0.267516867579755	0.66115299568401	0.702218798344403	0.845405386939399	0.615764281596878	1.26925930045426
C00330	0.00014245928352785	0.681811460952452	8.51653926680899e-09	2.25483237637758	2.86158535320336e-05	0.621138433344592	0.000165237577399381	2.72504919252949	0.00013037711036148	0.101551143968677	0.0274184798144824	1.20853737114921	7.49933220039949e-05	3.99677821303084	7.34743845311493e-05	4.38718495948826
C00387	0.00026909865793235	0.576308636066261	0.00822983164569766	1.22344691388047	0.00143244381668885	0.761726699215714	6.31524297649105e-06	1.52669707839636	3.94535939219711e-05	0.292943157938923	0.00165221335816077	1.2478654047637	1.65950718846325e-06	2.64909630509306	9.12639411842715e-08	2.00425832515555
C00212	3.22567407631585e-05	0.770184960037562	4.91724117367212e-07	0.301455872548449	0.0555600349021551	0.946401784766654	5.10465095707472e-05	0.662947621522022	6.5430966853699e-06	0.457816171379078	9.9366697967493e-09	2.1991531162342	0.0036000737234694	0.860764174737573	1.59160431152123e-10	0.700492784558177
C02494	0.0832522303424656	0.624663221288877	0.154612393908017	0.703171019809911	0.0037381187363152	0.396517338949643	0.275067138371895	0.817334440942872	0.0102801702346618	0.479099868902574	0.614179042590002	1.16235512829272	0.396621008580865	1.30844015316998	0.0496190407476556	2.06128297720336
C00294	0.0699606067727947	0.897580307605656	0.000452512417966475	0.786889435475997	9.21889804435394e-05	0.605307060263943	0.102836678136316	1.06265079776645	5.17867932394447e-06	0.431147543488154	5.03207588355906e-06	1.35044486538778	0.00988053249362435	1.18390609593601	0.000114792588736874	1.75555658859007
C01762	0.0538809076834449	0.47320924505205	0.37648516879074	1.4090633538195	0.0100387538822448	4.85444327320803	0.0176039671903185	2.41783662383324	0.0706664208054247	1.80208615733897	0.100571735722755	1.71591761099974	0.00627720077633435	5.10944502694003	0.0463053312407887	0.498066716976061
C00942	0.375177543623498	0.971195861590403	0.828924784751993	0.994199762346995	0.12319229152332	0.952504644621258	0.940520308359527	0.997898836744926	0.119703776910345	1.16559222927549	0.903034937374348	1.00372065508163	0.447478192907058	1.0274949433071	0.176805531834435	1.04765771209621
C00299	0.000123491377446174	1.74702425752502	0.000106397562547027	1.66896210015856	0.000810198799891659	1.45442100302435	0.154112819927063	1.13622422999689	0.0162741737819995	0.74989208031738	0.00011073129201064	0.680796903589925	0.000437854954582245	0.650376905244896	0.00210696856938773	0.7812209997203
C00214	0.99910043405222	0.999950779331236	0.000375584173527777	2.10468502783553	0.0907718894450773	0.883103511122614	7.2897747126294e-07	1.91860552379552	0.0617194422205923	0.904446607580975	0.202566104638402	0.911587956592549	7.28703370557742e-06	1.91869996349088	3.41703183373892e-07	2.17257150450751
C00055	8.45707530731587e-07	1.90911764752039	3.98019376106916e-05	2.87435430589744	0.00992123764967291	0.855824194286359	0.032842673412308	2.34655757933542	1.22647308385219e-05	0.509917543790732	0.28595708127952	0.81637729020423	0.359383736281548	1.22913199319234	0.0239162781510349	2.74186870972037
C00364	0.0959853373803462	0.0608851842348217	0.0309759110739117	25.024035574555	0.0821964993097984	1.32267084277941e-05	0.000985718208278163	40.9333770696492	0.492128691176397	0.633202212563786	0.112834310980316	1.63576242319889	0.000955954701261713	672.304396941258	0.000950739686891565	3094751.6
C00105	0.34281752399102	1.24054476193741	8.71549873588158e-08	2.6455105695611	1.27520088675911e-06	2.08965398938944	0.0212574391550343	1.26198741707546	0.000109142667062326	0.0820993335620514	4.29893265435243e-07	0.477029814809934	0.929245997713342	1.01728487016024	1.52251187457688e-05	0.603921713108201
C02155	0.234452422389524	0.907948518805259	5.90386260625988e-06	1.94410346699575	0.0150890139798729	1.22963819199088	0.000395486852464175	1.47685361473806	0.000169950347589036	0.330868209244797	0.00035652520007378	0.759657929636977	7.74919774574726e-05	1.62658298807669	0.0116792224625533	1.20104728720806
C05282	0.00294749624593182	2.84264099816132	3.36151003080622e-05	1.62478762121033	9.64093029117597e-06	1.68926749421998	1.65137733321257e-08	1.6625024477542	0.000876635847357086	1.27615042864391	0.492907948954157	1.02321215773159	0.0145715866939466	0.584844322174184	0.597524390569161	0.984155826973907
C05283	0.23032784559738	0.711523596562874	0.333343594608785	1.3044808361866	0.743695925916504	1.06668698617058	0.0656183162671466	0.459033563413711	0.026046774951939	0.408946500806941	0.0224510851973024	0.351889848190954	0.290231218814612	0.645141729144536	0.0241344490580261	0.430335768004116
C03431	1.84456966116497e-12	5.54247701780416	0.803026599237503	1.05294889367283	5.45606866762249e-06	8.76968458458154	0.12467593967402	0.652618011054112	0.0103468125653271	1.78407515124315	0.171268093569132	0.619800272335813	4.63490142730963e-06	0.117748437920031	2.38622341101514e-08	0.0744175009670832
C10454	0.0926805008364599	1.0671482663035	0.203698999241365	1.04104052926252	0.673984808039132	1.01320339614353	0.592992592549642	1.0198282099119	0.0149934021957075	1.09336160331255	0.522401140664373	0.979623925529926	0.235823668116034	0.955657467771082	0.842808957326118	1.0065384835795
C11016	0.797022686288289	0.991689733528797	0.992527458144064	1.00035258579663	0.32690867300012	0.963764367879547	0.75809289457042	1.01385149188419	0.898130509384512	0.994552875043099	0.733452276315992	1.01349414824255	0.529098259153589	1.02234747180102	0.212022799047006	1.05197030070207
C07430	0.026012105630667	3.11384411383821	0.0676739752851536	2.46941859803812	0.000163585478538848	7.98600286003541	0.0225196833332276	3.8424107664959	0.107619593333338	2.78788130734929	0.20375551085213	1.55599814853123	0.487757094019027	1.23397659806407	0.00327718706514195	0.481143174356297
C07514	0.171524681363606	1.83960726450843	0.464451421150225	0.736323155911493	0.178553400466875	0.550425069133801	0.688601899976625	1.19285086525627	0.255997440231236	1.35633037722627	0.38029303449045	1.62000998566946	0.340132368417553	0.648426916043417	0.212430806052931	2.1671448706605
C01869	0.00507218128103323	1.28082748825296	3.93743833007222e-07	1.5847941740566	4.54328474103097e-05	1.59691120464791	0.00087452618073961	1.28008087658331	9.3061099740922e-07	0.624999935437857	0.000387031870767197	0.807726894469007	0.991558923339109	0.999417086472224	0.000849086560499837	0.80159803053392
C11696	0.000185317707644244	4.86912583099836	0.0359568997154542	2.38667828890821	0.414957970615593	1.54555072914188	0.366112438986387	0.612948520592249	0.122202645280698	2.12004933787216	0.0106589775004753	0.256820755206452	1.09817798489924e-05	0.125884715628014	0.164110181132397	0.396589066301673
C02083	0.00404962834099974	1.23866493775035	0.00840021907442892	1.45500768949478	2.55308380464061e-05	1.43471219464317	0.00102176684180196	1.30115078578823	5.22630445626923e-05	0.699773252972045	0.214354132795208	0.894256982408136	0.372712391729807	1.05044612641686	0.0570453618572194	0.906907176677236
C14403	0.877274143742449	0.951183542895091	0.595402650185049	1.26525822290283	0.710360267797984	0.883415722133511	0.301899968996285	1.44530359431282	0.383735639656036	1.46209678830692	0.742913476265187	1.14229930946184	0.243088871673866	1.51947918475733	0.188757727462551	1.63604015425751
C07131	0.0876126754961834	0.969554323703328	0.00359274921101096	0.938376015901877	0.041660394751234	0.956927283079284	0.892489983946137	1.00194612258141	0.233230408859559	1.02412560340196	0.000220347699603682	1.06774481189019	0.032362216997314	1.0334089571736	0.0227681232719113	1.04704520426804
C02993	5.07618040730625e-05	1.52141734633249	0.000338339667726957	0.528429067516977	0.000106193060512771	0.358225814142181	0.00380862036342529	1.31230353914827	7.94148213807376e-05	1.4654720789744	0.000120166967132775	2.4834052852441	0.0255772107910167	0.862553291055669	6.06380488847382e-05	3.66334163351895
C02385	0.594119394054153	1.21118022439874	0.0328150040546039	7.94923322384782	0.0779302171614517	6.60469279704959	0.212654093511073	2.17067116646911	0.0347652264542612	0.158393588946836	0.0549264105468418	0.273066735538349	0.29470322116621	1.79219501998283	0.138880577999032	0.328655886529466
C02227	8.89110665258389e-06	1.29625776825906	4.82780544629004e-06	1.66054706351493	0.000109035607032832	1.69886954554014	4.67739589140828e-06	1.36284042163439	7.45837925716734e-06	0.598479425406503	5.78437307349061e-06	0.820717733076245	0.0242435905837414	1.05136528783527	0.00436156905697984	0.802204280612429
C03619	0.977393735197709	1.00647258270486	0.477869761842733	0.777828548141501	0.651707353564139	0.862755306038359	0.217758140037243	0.652596526575331	0.658612017094202	0.869457349801119	0.672964373829936	0.838997910445185	0.125398865032407	0.64839970585339	0.474677456929319	0.756409751418343
C00548	0.94979801792436	1.03228233106951	0.111936579904601	0.117428312947915	0.427998014061609	0.527884189478278	0.23903094682755	0.361050427162755	0.38106681085852	0.550748857202424	0.338704292062545	3.07464544196338	0.0707553784826556	0.349759379092233	0.706509347196653	0.683957645178939
C02886	0.631647232744931	0.841539608172396	0.227273192751278	1.37607078403432	0.61168511359871	1.27982474754276	0.603798268737033	1.11677664442549	0.952607188424641	1.01423397587086	0.26894838803017	0.81156918479975	0.321085134662767	1.32706367422305	0.750362147730528	0.872601226511426
C08481	0.339593862069163	1.11226659009392	0.0901952468787953	1.22550027084039	0.500164931224363	1.11119265444848	0.0876241519976747	1.22815235655124	0.245450241074049	0.83151984301064	0.944694302694	1.0021640841491	0.0301058095807651	1.10418884059759	0.394416509939249	1.10525600725898
C17205	0.6844989350141	1.20835834830251	0.77848648253835	0.857859147660789	0.628572816464592	1.46144094769408	0.260385911504731	1.59419454857703	0.0431793597575369	2.65663506961572	0.129211075132008	1.85834067623349	0.408122921239358	1.31930610717966	0.885256994840752	1.09083747180645
C21026	5.17167871694192e-07	0.827548593509291	0.000719051090506736	0.920948727398942	1.21937263140229e-07	0.795581553855962	1.62885458135431e-07	0.823370320121333	3.00415114034256e-08	0.235434687289019	0.000278633602491686	0.894045776518741	0.592444972175093	0.994951023516046	0.032236450684193	1.0349288720065
C02115	3.15867581090393e-06	1.31847379500603	2.09511661155687e-07	1.49193339791029	7.66373859065033e-08	1.51432634924669	0.000253390614274772	1.19778763815817	1.15652424268583e-05	0.669822613756881	6.40786764587946e-05	0.802842566454964	0.00163845690978462	0.908465259374149	1.1352107344515e-05	0.790970611291296
C14308	0.526759565935231	0.862921867932668	0.000950142628872938	0.23468906561462	0.000303782187581038	0.227298553844038	0.0605084076088539	0.557121028831033	0.000748916517216558	4.72482063925371	0.155768345676199	2.37386870739804	0.274930510602623	0.645621636829934	0.138930051259429	2.45105399664489
C11071	7.3971910839688e-10	1.47599850477756	0.00140096340025795	1.17167570333869	1.01559754272886e-10	1.82816076526229	8.17898081171296e-08	2.1875618127406	1.10457188362201e-07	0.709616001510892	2.96146087735293e-09	1.8670369339461	1.03387372629206e-06	1.48208945040244	8.77409053533681e-05	1.19659159867527
C21030	4.27783456158832e-08	0.505927659407261	1.6890177480906e-07	2.40467349346343	5.60216314355927e-08	3.01619135392184	2.69603381940081e-06	1.7955092113385	4.31697178023139e-07	0.596090597291764	2.89976438437053e-06	0.746674846385254	9.51655713869997e-08	3.54894455353973	2.06582925312623e-08	0.595290218905995
C11171	0.989406601273959	0.998481969773225	0.0214156794411021	1.38256383690361	0.932980636990438	1.02021607433077	0.757621850761144	0.938659877002499	0.292690954353265	0.863284240860699	0.0474561189765462	0.678926970276265	0.727784786923696	0.940086957419659	0.761729678714883	0.920059878117716
C02752	0.531405093408754	1.27177213015135	0.333412092944426	0.632389491290535	0.830429469463383	0.933772961907511	0.384652256940949	1.27047624652952	0.801009061582653	1.07922503266382	0.0623205886840565	2.00900910598122	0.997182734077343	0.998981041028414	0.12649539823805	1.36058367328841
C00919	3.56383180642002e-06	1.58428672840546	9.47837374966948e-08	2.99445511689387	1.44276624434949e-05	2.91438179226663	1.36205007024352e-05	1.81652328634386	8.61770559394805e-05	0.569783989880612	6.61043751962485e-07	0.606628991062698	0.0128297800108241	1.14658745400975	5.99949729299184e-05	0.623296265150998
C06685	0.0923804725914597	1.35011462520547	0.568078910418623	1.10172227942809	0.722768216410337	0.917880500118413	0.387523637357584	0.844174644331021	0.192456823194006	0.709970616806452	0.00318485310845299	0.766231799151088	0.000170428958976995	0.625261461931462	0.669047705032194	0.919699943753154
C04337	5.14875309841099e-08	2.00336964184144	1.94245686999631e-10	3.16542555376219	6.41484821367006e-09	4.34763998380054	0.001883409084263	1.2219915086769	6.63741496680767e-06	0.292466622676687	6.94519053533588e-09	0.386043357495657	1.9068845062107e-07	0.609968067377562	2.14103707992149e-07	0.281070077842252
C21602	0.0215889660535839	0.607146853354076	4.25806055109382e-05	1.58988442178199	0.00398831353900845	0.357388407079699	1.51574121980901e-05	1.37939829700871	4.44738329484314e-07	0.488687095233503	0.00142043031164181	0.86760916586794	0.0016305059267457	2.27193518238374	0.000539621021909601	3.85966156059756
C21160	0.00131221994079317	0.830234643369801	0.196431018560325	0.714646434279629	2.40671235521867e-07	0.144735884905752	0.197458583519317	0.786831298695758	0.000421374139844935	0.307926943196022	0.762037455713245	1.10100780043616	0.771268116702085	0.947721592900683	0.00944362482478014	5.43632492528112
C21730	0.139596184816258	0.598476381879236	0.132632461930557	1.34295912227812	0.255548624476169	0.691614737796712	0.841197709247018	0.947748188805553	0.0515066501409839	0.504315921006233	0.086411415702211	0.705716334237965	0.183401990853469	1.5836016549719	0.330334687315468	1.37034122758114
C07151	0.0709091624544639	0.963817195213473	0.994910692362713	0.99989177383345	0.57299747068865	1.01248148598953	0.0371307472798006	0.944790906111678	8.14687557539558e-07	0.5482485110957	0.0248615244417678	0.94489316827708	0.336599243393935	0.980259442147034	0.0170061240385628	0.933143883799814
C02846	0.271853663103797	1.48308631759042	0.346667163831036	2.09499693196168	0.433757769347121	1.73981428453673	0.871012353719027	0.982535606673813	0.0116377817463991	1.24180067711572	0.340433065629365	0.468991429860378	0.260614595209113	0.662493878488572	0.424777515163292	0.564735911991572
C07881	0.285873367479507	1.06404548657805	0.949480083732528	1.0036233220189	0.83612589838484	0.99137629280955	0.21062727514938	1.0571797074687	0.0435106857009755	1.15821178753852	0.32772990227575	1.05336303399373	0.896987911291997	0.993547475934106	0.0833558750798069	1.06637582029792
C08019	0.391849965627749	0.733220333133805	0.747804095542394	1.08179603603846	0.510891295372233	0.809911430088364	0.260728663713578	0.656068588512717	0.232163910154905	0.648902666768695	0.175303198920799	0.606462370591822	0.819136765983327	0.894776861559009	0.634008448119073	0.81004979574265
C07868	0.261085936863254	1.02065373825612	0.000110046704011516	0.886218749723025	4.17523369624942e-05	0.8414745901089	0.0591083006448301	0.946302215056485	0.030334586751053	0.937430179626071	0.0374550734969332	1.06779755602354	0.0172003866617575	0.927153038868329	0.00364766302618683	1.12457610268899
C16930	0.0327188810552821	1.2982266816061	0.205785148961306	1.14644023573791	0.0706264459292146	0.762503019124463	0.892281234037013	0.985529027482839	0.00374373817413465	1.513514048733	0.00608163595180322	0.859642741733067	0.00119773311482047	0.759134780887103	0.00829660347145251	1.29249196759177
C01746	2.76388124082577e-06	1.24651340787324	3.73935135159283e-07	1.53534471898194	4.26144720790586e-07	1.51418673687632	4.76663887206867e-09	1.24937132179563	1.35751464911367e-10	0.635793189313128	2.36791396181679e-06	0.813739941492793	0.827220958426471	1.00229272617875	3.37827342268599e-06	0.825110464494635
C20674	0.000238162297053452	2.2549981629683	0.000951372796103335	1.95846578290276	0.000146089148061133	1.91784740546943	0.00209766068240449	1.89325218313591	0.0368154875926296	1.48375466420056	0.737733950908984	0.966701690508884	0.0877515321401105	0.839580366062819	0.886427007592836	0.987175610393517
C04092	0.810973080680887	1.12863977785198	0.696223903949068	0.785348912178941	0.452724393102343	0.591485354021753	0.831413938248767	1.18941294923031	0.533748481738092	0.650810220107259	0.607466028078397	1.51450257431477	0.936946709047633	1.05384638444517	0.449095046795059	2.01089163263808
C07246	0.00195441970524491	0.671903465877435	0.253674542353951	1.08289783274618	0.000220824039577954	0.78102704154597	9.34606409237467e-06	1.29445832532879	1.16882241826934e-08	0.377838819241981	0.0223095521632913	1.19536514543215	6.66056065281887e-05	1.92655402311158	5.21571479247034e-07	1.65737965073083
C00261	1.24025748790508e-07	1.27562910176341	3.12015105201792e-06	1.52822271960783	4.90278119845568e-08	1.53206068848089	0.000324940956099656	1.31963321182492	1.39677979786869e-08	0.65759697538734	0.00135789136880936	0.863508436887756	0.270428290097498	1.03449600671597	0.00135969135988548	0.86134525984959
C00587	0.0507296095767438	1.6377918819134	0.196368420222421	8.89189041635441	0.108213365160534	1.30543607774555	0.628041066357656	1.07650925688837	0.248618170981203	1.22437781092487	0.199869801306762	0.1210664106823	0.072150919244494	0.65729307171233	0.161489881316713	0.824635748345082
C00805	0.322474099071039	1.82222523905544	0.523662172703866	1.68951030470158	0.0387304723589537	3.35917234896496	0.136943660321075	2.19366739542491	0.000365780117946335	4.18093176609563	0.671719749678896	1.29840427094191	0.700008853144105	1.20383987029068	0.284631191689607	0.653038060432007
C14214	0.00154914409365129	0.81918952989843	0.0114921905974959	1.18902184377306	7.11090038836202e-05	1.25867192398749	0.00123562444182947	1.24668913130211	0.00749583071413448	1.57539363159785	0.373424899700767	1.04849977132973	3.85173438957949e-05	1.52185676916145	0.797154454605567	0.990479812525397
C11045	0.000118096783960517	2.3885921801303	5.8357759249597e-09	1.697647737902	0.108653802495706	1.61428699107922	1.35495530153991e-07	1.62464739980446	0.61874265146118	1.02130537037158	0.0275792523417287	0.956999125043599	0.00105003183290594	0.680169437595596	0.974019117748796	1.0064179472315
C01047	0.511055643301364	0.883044745644472	2.55406108698802e-05	2.76443088243117	0.121807603786506	1.3168501217927	0.20971952632859	1.55622842370302	0.00577790502261207	0.224617788055989	0.0267345556193987	0.562947127234522	0.13677339155886	1.76234378991434	0.555323399239089	1.18178097715817
C01494	0.2674636085745	1.15384700339222	0.371375099817786	1.09983296033834	0.626438173614895	1.05016360354697	0.850616191018949	0.978157074649055	0.920036695101351	1.0141010431758	0.183995078338767	0.889368758641446	0.16317000624956	0.847735507197532	0.371229598231217	0.931433037048031
C07480	0.00440534374563262	0.751828251852773	0.00595268363582521	0.736876370587963	4.08007889825419e-08	2.30545029782782	0.993442311040389	1.00049090939149	0.00329116136683208	0.74616055524709	0.00406988643809621	1.35774595213738	0.000510327393309213	1.33074396569419	8.62327718097733e-09	0.433967676654815
C06593	0.191852624071599	1.13265913893867	0.865175067066107	0.98437766085975	0.942923784861645	1.00660206212122	0.980645543416038	1.00250038171282	0.659946683354747	1.04873712031948	0.865297928939955	1.01841033332395	0.257270366857985	0.88508567780788	0.969411521098769	0.995925221532174
C14604	0.879917421579902	1.05534764381158	0.664938876783815	1.20128292514575	0.180802897402236	0.373022588596089	0.387144525346301	0.576294851168824	0.240941043776267	1.44818250247735	0.20293902262927	0.479732824887111	0.230719923326825	0.546071102302771	0.649071887671505	1.54493285068277
C06333	0.365183114559484	0.939033169301163	0.000382671279028547	0.639518803209772	0.000178106075686911	0.341055626020264	0.286552003766517	0.827087713656121	9.24658142646064e-05	1.40882191132105	0.25344046058918	1.29329694374103	0.477048304358525	0.880786473465731	0.0202765549377102	2.42508157190458
C11348	0.00052523483496097	1.87767394394817	0.170512463155932	0.808005001973634	3.15462714797478e-06	0.127507066778453	1.55363116778803e-05	0.0187894433890477	1.5339057806604e-05	0.0131825856383206	0.00221130831090522	0.0232541176640646	6.24101888365617e-05	0.0100067657910506	0.122515318724847	0.147360015909509
C00090	0.902209192939042	1.06203299714553	0.124415892868057	0.310326692462807	0.697949741300018	1.37626605913482	0.48146523070868	1.43072639029102	0.604175848733723	1.68179055241227	0.0716721368418478	4.61038777855854	0.537363812307341	1.3471581336328	0.956735262829324	1.03957107769586
C03198	4.82068186805159e-06	0.551806785947007	4.44706778435309e-08	2.61326223823231	1.15215770040953e-07	3.10002311446149	5.73595191596939e-07	1.80223153272226	3.07422120633402e-08	0.327842103482585	3.01717106831812e-07	0.689648174743206	1.98093099196461e-06	3.26605539949872	7.11701490555962e-08	0.581360675768809
C06180	5.37671386179976e-06	1.39663249091069	1.90328925533158e-05	0.677692042182826	0.00580006397118646	1.1255474221389	0.993647888948119	0.999727766869455	0.00027497626835135	0.779392272457111	5.87166845477626e-06	1.47519478559813	3.50465169487167e-06	0.715813052736279	0.00110284234387386	0.888214700869421
C00745	0.00177925991104706	1.52365075824774	0.303520164067793	0.814340804792843	0.100329887012371	0.865871357653498	0.000182000537773658	0.422139270170427	0.0376256137935592	0.654485920735614	0.0611610629705768	0.518381576467624	1.48727166701645e-05	0.277057762669907	0.000935351623686082	0.487531163190823
C07635	0.00160374165979997	1.28331993570427	0.00319682932420374	1.14314019104202	0.00237416074102328	0.826752290727869	0.0202564779228237	0.602742164701905	0.000316053005549684	0.698252587624304	0.0073591025546779	0.527268806945263	0.00176592687043862	0.469674122510322	0.110634556102142	0.72904807336095
