GeneID	SH-CON-1	SH-CON-2	SH-CON-3	SH-CON-4	SH-CON-5	SH-NAC-1	SH-NAC-2	SH-NAC-3	SH-NAC-4	SH-NAC-5	SH-H-1	SH-H-2	SH-H-3	SH-H-4	SH-H-5	SH-10-1	SH-10-2	SH-10-3	SH-10-4	SH-10-5	SH-100-1	SH-100-2	SH-100-3	SH-100-4	SH-100-5	SH-103-1	SH-103-2	SH-103-3	SH-103-4	SH-103-5
C00170	17281548	44139667	63053685	17648327	20855493	46420064	36275165	32666087	43145274	48558536	15163388	12569303	12209056	13005934	16303042	116514341	75628723	73377029	75753886	112233963	25452500	9387297	35465396	33092527	23046955	10947092	3109040	10993789	3563836	10830352
C05130	6014691	28407276	24625088	5872688	20675992	20703018	20284212	22915629	25755371	24211735	17419571	26049998	26957157	4418386	23693649	20082503	22385911	22950410	15807320	25122152	4476201	17625599	16859857	5445577	4752301	16716714	15656385	13358253	10133941	7868451
C03765	23448063	27034212	22438992	23145488	22594504	33234885	38359237	32526892	35204660	35635568	13807955	13515153	12090068	11833158	11668924	57642924	61507004	65184047	57469216	57722371	25404328	23169742	27080066	27561596	24448860	13764211	13861217	3491579	11867556	13345198
C00632	21516201	20894142	20013740	19978411	22776634	30983038	35574920	29657035	39556843	35732598	11426019	13043823	3451001	3385756	11156948	48731168	54059088	54399172	50408954	52256279	28023208	24273881	27656230	28192815	26331421	12586529	12682548	2803746	10928360	3131995
C00601	2036306	4459989	681284	651899	3132905	2569265	2105687	1735075	637751	2056438	1994554	627827	577123	613409	2959289	435808	3874276	2314584	5209598	4356102	5254850	2296160	1584050	602529	592632	559403	2919570	534770	2623519	3822959
C01586	2690985	3211309	3054628	2497003	2664232	5011815	6848948	6571539	9673246	5108298	3061249	2755487	2992533	3656827	2855695	9645611	7404418	8814881	8646216	8097961	4043158	4258487	3825851	3549698	4054478	3708235	3913566	3956849	3608365	4069879
C00483	108406719	234904050	201158817	165719750	108551308	136651262	83367101	68642079	304088725	114710850	84530911	106261488	219628844	242084875	61685056	134311837	81053804	122371304	96932750	89602661	110020736	73596794	89879397	142677914	52670699	57906448	61648134	73694893	64990613	66449534
C05853	14854044	15504433	15698865	15500782	15456396	11874657	12077799	12275896	12245507	13022099	12501799	12675193	12635334	12660852	13281374	14519915	15806330	15279953	14680513	14716153	13211454	13098089	13465342	12783306	13922660	14843121	13645794	12722954	14170507	14421331
C03283	994468754	941609709	909223955	951984411	978428788	1088476248	1057590095	1082970979	1119128381	1164526244	865140796	840774437	921529531	923369890	847500690	1133948035	1103088439	1052620635	1080275732	1112063832	1071596015	1013212670	997978926	1038206085	1021579966	774562785	788463895	768582288	802233441	818028896
C00082	4164488	5132736	2696466	4321878	4706190	4442164	5203621	4088540	4720544	4850626	2664096	3122631	2419896	2740800	1899444	4601397	3134759	4855449	2809614	3680906	4002250	4227603	2641227	2914613	2613520	1355701	1546236	1360256	1322495	1492375
C00148	29814964	29695164	214542387	138457059	32157089	943671364	95258454	186779692	157902210	32262426	32936703	136909626	28523298	29547483	109753445	141508738	208934759	211580561	32982456	233330840	115524542	189310693	172496730	127916159	191973022	30764630	132137361	130082860	437815993	133248675
C00123	56027489476	54967586710	54346249366	56086227183	54949574675	66717788254	68989591899	68648365835	65521727601	66037168075	43953564881	44126528985	44293510714	43065622787	43539843002	66860512390	68144130572	65313297540	64943293000	64432112423	54156435274	54802436849	54603863791	54307394797	54504840117	27556121935	27457731281	26951019799	28064879760	27197547688
C00065	373300567	392338527	365687404	401074856	377134953	297797975	292946926	344461694	294204927	277938748	234705028	260790594	228945840	247246485	248998617	221319830	225167954	244812465	237047821	238266789	328504545	267563269	280916095	241543198	304925182	154127546	159252021	160725011	156329952	155798238
C00062	1713404235	1968861984	1944335090	1653252078	1780028540	2294189220	2635337473	2227147297	2562701515	2135963912	1843387735	1600231717	1827547998	1705999276	1540444485	2462974187	2076199434	2500889151	2114323729	2525909514	1644017666	2044131331	1983651574	1570269685	1900484704	712815607	809995473	734782251	794116805	736462316
C03519	12045000	11834954	12500496	12890036	12266510	20474354	21523983	22789744	20826925	19215060	8638905	8290179	8944959	8211847	8045587	19661408	19434935	19847454	21389012	20629692	13334278	14240197	13609071	13974153	13645679	4383698	4048629	4385831	4233437	4021887
C00183	380202133	225153880	238483293	50782874	52607321	231475393	49663424	222000620	295350370	258655605	153605717	175331890	175896730	188913155	46247443	206930042	206674111	427970162	190400847	283669205	44975124	182996740	181224975	45275635	151663203	42752242	41092467	42187868	40375932	137411438
C00049	696996871	685228012	706338235	663875340	666684167	266805277	250858794	260259029	256632427	253941367	524115146	474438618	496655939	507628392	517727970	269162942	278852653	285633568	259210721	260398827	476891512	468141270	465981064	499477253	453949362	1062316010	963859483	989492710	1011016939	996457530
C00407	28447038873	29244927891	29494470467	27980997033	26535741537	34793832681	34041934450	34450792242	36025767347	34840065565	22846478749	5480262317	22954337931	21035841994	22925367040	34773435958	35688676247	34735654122	35270602333	34861541141	7025322617	28456734652	27828302564	29099422365	7149033262	13705566835	13905379753	14582763584	3511396073	14149417383
C00791	137610362	20801593	74637027	63336411	69184095	109970399	82417371	19587291	68722404	49544865	140039528	79809307	17642171	42766059	95476024	83263382	50213737	71756557	124887711	44711327	106898704	15350704	46520806	43631095	85457341	14573750	29756690	14383910	68751983	14397783
C00025	4773008544	4736985726	4769533245	4739208110	4777375374	3575035648	3449608379	3469781024	3441178004	3468797741	3451106655	3308952268	3211901096	3333784313	3295409860	3696408829	3761522330	3718802398	3560262365	3706204952	4024312354	3968307153	3883724335	4015887793	4077393251	4997787702	4954664457	4920259022	5020246451	4901672173
C00064	1693591852	1616864938	1640951119	1678107606	1535296000	754315136	686084645	716765037	730907863	710792963	1975267983	1696934477	1877694862	1812466571	1874604969	709726412	698938984	757732796	713347024	710426767	1513024973	1448913399	1524793930	1561259199	1447791280	2489559415	2309857151	2381298983	2356507906	2310899600
C00669	374832649	393163472	382417667	370628516	380183887	435162496	455615189	439890567	422026041	409982386	389337470	368442088	361504486	357096680	346013989	352475567	328856181	329313051	320968810	332944946	325125072	338121300	348209474	302741777	335726520	257217305	258841528	254868584	260582524	261526270
C02727	342021416	329878283	345453506	342817083	357795884	787934792	763150875	749840747	795800630	729621093	423355458	430735991	447641130	445286350	454241264	566898705	591236323	586566683	614761321	569866261	422774182	450009820	428338982	430989197	417508443	70309021	70135699	71861120	73356564	75063056
C00077	404501983	396494679	436238257	415338692	405844782	65404038	68259657	62574052	62606942	53930813	52576671	50033647	45083165	50425326	49635960	106746058	112528509	120199111	111363951	119699619	67715251	69510567	73076583	68172198	69060389	133450964	133155946	135912728	126991753	135999979
C02997	88374651	88172163	86044612	86123679	90292412	139682094	133186905	130919672	134451548	138594469	67636226	69114952	69799380	24181776	66933761	159498008	164512126	153430239	164429919	162051380	102761237	98989662	105906147	101766842	102588249	86745668	82085883	86649546	72793416	76912747
C00624	7977058	7545289	8946598	7192595	7964511	17598395	16901849	16136574	17090043	15673692	1339803	1375719	5204524	1144678	5380715	19035052	20799666	16199455	17968064	19592518	8251495	9021311	9013327	8200974	8977643	819397	3339065	3761522	913896	3581258
C00979	94206063	115442911	110710271	95091127	96451198	141076799	135549107	129842359	133110908	131031344	101759823	107843779	111041970	114312205	114491151	125168575	108607688	125651713	132544166	121909175	106864606	98603696	104732941	107701836	99108417	68935809	63096800	64779875	66719398	61903296
C04368	25726668	26894704	24728929	26940663	21834544	37313304	35915971	35983476	32888597	34496373	23924232	23699781	24767704	29358347	30061136	35069992	40307218	36188709	36582636	50282307	30170906	20954480	26229122	26240065	23031672	16045088	17022723	16560279	17458139	16892002
C00408	10048670	49075179	40659880	9338782	10137486	11180267	34134738	6420733	7263044	11224780	1987294	10298906	9089580	33359552	9754892	47599776	30645707	23138523	12369228	12966193	12581986	12123978	36321495	36516999	11615963	66672264	40723142	29935486	123603760	38641602
C01035	86603400	82778078	85239179	88690514	87855015	59155441	58400084	59121304	63423733	59721805	95872867	90278586	94031162	89542557	91301000	47971623	50198748	47363974	46561625	48918694	84214222	88164265	83928947	86880796	88954062	127386789	134775291	130052139	123128567	133953164
C01026	95064836	99811483	99088088	92440407	84822413	113979286	96687160	98911006	114213272	103037789	55778149	46373609	54084430	64343282	56940237	104778021	98999218	105820350	101613676	102283007	88195926	82721614	89298046	99735266	90521339	44791075	45383143	50773839	45829054	47910807
C02946	7481543	11392295	5405167	6682796	17441130	6645015	2004619	1766421	22425313	1655541	6871779	4424432	7744435	6265290	4262371	6047827	4236559	19482721	17728508	835448	1528544	7377277	11634415	6460191	7104504	1349546	1435186	5548386	1207208	1346439
C00956	4038587	18048681	4157963	4160765	26733135	35374849	17232825	8106058	4637595	28652641	19304279	33277237	3247295	14949759	3161626	4310151	24997894	4286497	25352826	4268722	3591068	3444450	24352686	3457454	24854484	2797651	14253089	2483642	11783571	13797400
C00097	36573918	52754069	29861485	36252010	37313560	43629091	37025902	40905557	44447737	46421143	61896514	46892369	47364182	61148454	64612275	41285553	35771994	36218763	37747306	37344279	37078665	41321005	38113359	36705925	41532038	40297406	47837373	45076071	47198303	56312760
C05932	9263886	10458440	3063752	4719920	10184412	8949714	11884747	10484775	8835568	9266144	23233803	25070662	27346244	26869517	25103888	9435023	6899321	7081680	6519794	5326130	4259458	6946115	6675757	7359628	6400818	1456506	7067480	933511	1338242	6388246
C00489	32401859	35026571	36168704	36813671	35322539	25667361	25911505	23263921	26110119	23887745	39388028	37220435	38121675	42485376	42161301	18523284	22216522	21346135	20750042	20493308	38408384	35155286	37931095	35358192	37447087	46219033	55939922	50600453	55499245	54035596
C00450	17085726	18434302	75168038	75843494	69678714	77530138	97799756	18338761	94398613	18839142	18463068	96071350	106528459	100452800	132789330	77555470	69038667	96030958	15958036	16245925	180523622	75353869	64090798	159689498	14220676	13456366	71096219	57618049	12030492	75590901
C03145	1422658	1739426	2307128	1550227	1646492	3457709	4239455	4159232	3988173	3736841	1911660	2016607	1870900	2430055	2051987	3540431	3821442	3723316	4452883	3444621	1949004	2815507	2797461	1948857	2131405	1155736	1585530	1645171	1846426	1479841
C00355	12599321	12554328	12404910	11400628	12955260	22132135	25221817	22868202	22588714	22304169	9516251	11958208	10855820	11113075	11031310	22391910	23344375	21757238	21580577	22595296	12695722	12319866	14593211	13279477	13125871	1957597	745913	1440949	1837214	634881
C06114	14881517	18313963	20525728	16709662	17735289	12384418	2420441	16840118	15646041	12068290	4541117	15871440	14172836	21183934	18317584	11556855	2104657	2197302	3068722	10904674	11736324	14771176	13321294	11472385	13392834	1566379	6335718	6327057	2234378	6045174
C02218	16010620	17522022	16330198	17259626	16185911	54190222	33080734	32852463	57485038	35018783	17999842	17487564	18134694	17984752	18000927	29693389	33608975	28716411	27672787	30753000	20949852	20125866	19487157	20120667	19896578	6140133	6452844	5983647	5316444	4567186
C00041	10085446	45793787	42487148	9669119	10371583	65269802	44999403	10208114	10055711	10158153	38590790	8921984	10470584	9386899	30325463	8917869	33165465	73681819	37341352	10094532	37420876	9214997	40984728	38735882	9744828	40567094	50204634	25870231	7554450	7946960
C12270	135594407	141148825	119958830	136860336	133975101	176523603	172330061	171882011	168940965	164035152	57210069	60046100	58981175	59001915	57886777	219206303	212093559	201919835	201831831	196585081	109909606	108071736	119480207	115682083	117784814	58446259	60994389	61979411	60660463	57834469
C01005	39292718	104818440	50941086	45056134	25740490	30400785	123430869	33347477	44171397	48240183	8814488	22953736	9036742	53754265	52714358	47687749	27038024	30646049	29457494	30143333	42452851	71918031	9071679	9129628	25765116	26053231	35694463	30515193	36259073	67406528
C00719	383028211	379057406	382968252	388711333	375203076	521887661	506303267	497885901	508506965	521501859	406334579	385574787	393213249	389660742	383801307	822458467	805230824	782573517	811639430	818818653	803610676	838290883	804653257	845664862	866997865	830633762	831711018	833676036	821716661	794530820
C03972	37902072	17563986	18312531	32373246	35652967	1160263	1016872	1300722	2655557	2883930	11881127	17696172	19082176	5529836	16232470	2937323	4406133	3566543	14132159	4473649	5802102	1801712	9700503	8207933	2019019	21297767	21957256	22863473	24951026	7178135
C03239	42324111	64458492	65006746	74306020	52691749	38081320	36319789	73729143	73677119	41099134	45243750	76817121	49564632	54675705	52129072	81370904	82923019	88229727	88133984	86877865	59712083	68120806	34879225	38972042	58003114	35407277	49986246	48856993	42481130	43706397
C04281	26692265	7009799	26979639	34749609	7169563	37929617	8928702	7610046	42534982	7915072	8073700	23451438	26555264	7660208	29779054	28559982	8454017	8554217	36662940	76019742	10238366	65981531	30694522	39815362	8981203	9563196	44466826	53635428	10667193	178460133
C00327	46377896	47524987	44849631	48656870	45577234	22301034	25494835	41885805	26597091	20596002	12464767	19251831	12234610	38877054	21765993	39410403	36089312	34751754	38349453	38228875	23311496	22928135	24053029	28304525	25187837	14424404	61911221	57309284	63815235	33991309
C02710	10175406	14642575	18399868	13105596	20351186	12519240	14228827	15540445	14627216	13843945	6999250	11392095	6624816	6647006	6508008	20009157	19028350	17941030	21024474	18539159	7490704	14825403	7747137	13083435	7978560	8456306	9625689	4099232	9631640	9253113
C12989	8568605250	8193151059	8549247307	8369249373	8048967616	10466809943	10538623727	10612149227	10361182569	10300639556	6452174734	6315116533	6328962013	6610562600	6250927957	10242715657	11683118516	10064053803	11235635277	10622802630	8542469621	8586971888	8601218168	9021325615	8579943552	3742733930	3779545176	3643428565	3931967889	3742211149
C03740	58000583	61006460	56493131	60424927	54492989	98689893	106425329	121094662	100480402	106226406	61173853	55853988	56837179	53262488	52982678	117367902	145396958	110984373	111136305	109735754	69219351	67018142	67199476	66515207	72309568	33009541	29885495	32407492	31354668	31566518
C00334	8951987776	9052630302	8895685472	8742144041	8383567874	8051667938	7998429971	8267943640	8184371341	8215339639	11793696425	11333059847	11546414973	11649198718	11899992196	12102542536	11550606098	11340072555	11800950840	11704188318	11334234954	11214522143	11022414953	11411793905	10871725902	17517258959	17764911016	18115668328	17694150852	17762062309
C05689	66062816	11456694	48029356	53059520	9205613	8213072	7730748	7221380	7037407	6644324	25387213	6884057	26956297	94543272	6562053	62965652	6650797	16108151	5023187	13578786	5123834	23100326	4998074	6075936	6381941	51462340	33421746	30174687	58006748	5880505
C01850	5032292	4360012	4387460	4683847	4506006	4372364	4627149	4571868	4695569	4263112	1689524	1704359	1559578	1522462	1591518	10034070	8488559	7954959	8771713	8914386	2429209	2132012	2020868	2179867	2206930	750110	665151	630701	609115	585721
C00637	82259999	76631076	71592050	74387747	80822076	90232102	91083811	93265963	89087395	92585909	65360315	59627451	64059615	63057329	63017110	85385246	103127648	91785194	104988996	85587507	81928725	82875412	85637852	87623308	87144171	43584197	44265072	42209010	45222543	46101674
C02938	85817753	180627392	102532176	151182656	119633516	42673179	106831973	104635220	56353409	104721131	161309113	110568947	81882809	109822690	98984023	177088898	84247354	49654189	162714022	66740850	179220451	177118317	95694153	103112916	121477163	177309147	172948024	109551162	90829607	112305740
C00643	14841977	14772908	15523201	16857050	15975203	15367277	15499712	14658080	14873491	17702788	10136221	10083895	10202331	9995296	9860991	15417937	18266438	14678113	18781770	15685868	9531723	9721061	10058163	12098265	9591181	5384883	5283076	4997130	5445589	5305432
C08313	188398044	173474133	193215263	187339759	190172527	229406595	237983759	233776728	231857063	232924023	136890917	133513916	143079874	153587315	144320476	223295832	264305919	222283963	263399298	245955662	192269888	196151100	187740489	198261832	191364785	85754425	86068988	83672378	88371610	81433951
C00463	62702564	64763366	66802070	57613925	63296096	79023201	73307618	79754061	73977264	68944118	52928966	50532088	52364701	56854268	48599228	72029910	79937356	78659529	73978744	71605835	65122908	66292474	63339540	63876829	61002063	34496422	36761617	34256767	32931242	32613996
C00940	26750501	32105687	32700848	37451265	9146240	8434140	31629057	7223968	7155762	7474062	7688022	79180516	27379971	42865364	27450431	45273132	5689474	6679109	6608803	26612030	8438178	25698708	56501523	9105220	59988273	46076852	32772972	6895719	52744361	8811229
C03277	385780116	385562723	369451325	386748670	364256193	217521708	200364734	192442764	209936005	198539109	320800416	310633010	329407276	309291862	327678847	185309007	171669301	173279341	188714058	182610782	343250334	342547242	332329134	341020532	351924860	58674904	63133953	61423467	229497900	60337272
C00051	1	1	182431	154513	91511	377407951	347093420	370673967	386276331	364430789	2492749	2005204	10005018	10451601	6578176	13728182	15017275	4684929	13497898	4073903	4940839	4723878	6723513	3251978	1311601	191370	117559	176188	1	47802
C00079	34136282	23512164	27656007	25120228	31447178	36320338	20540416	22045224	28927412	34639655	8496025985	8256354781	22694777	22797742	25742403	37342753	27642212	39800904	31899133	31404063	31091239	10782155078	21188119	24315647	23598370	12998144	5707029785	12435845	11101008	5410766932
C00423	227412519	272914928	246677684	341472812	60061770	253231816	442863957	230868933	394304574	233011679	253497609	276406279	155959622	180473806	158084645	208911810	202478145	195267484	246460336	190643746	171591005	201467816	52335186	172933996	46571116	138843581	13333275	259102404	38031054	119272678
C01877	31729178	8199863	26488006	44074481	34235127	7159666	8570154	37259667	29720905	34523098	22825659	22411354	8237483	31473314	7952615	31547170	8771464	10565943	153184617	29146521	9805501	41854344	77583776	32471841	54850016	65401389	42766546	90015368	26906409	38284842
C00134	21254902	17397909	17833467	18358013	19347349	58885591	54184966	56666677	52320223	50424735	20347813	16453208	18860163	16165301	17144059	93777068	90712571	85492065	83612357	86506819	27751651	24896881	29365906	26199265	25431391	137747	95094	157738	152141	113223
C05580	140958568	135476878	135138187	143304294	43461271	21940060	61505647	147780072	132789381	111798000	81584742	143247287	139131486	52506172	141107226	50167110	40189797	146381986	58024259	38685917	150138976	146272951	145503654	137451937	68571104	60814005	145063733	71725710	44907619	164908356
C02989	261348697	65921493	242771034	240708493	240567695	231083308	333052227	460414251	469114590	205331616	139175613	120774770	98366735	176194134	212049686	407321392	442173914	381409762	407072722	444076111	268614902	107011202	244502636	267242026	118853636	48361918	71343327	100444703	48622732	68835718
C04137	70391595	72764731	69984496	71279893	72319633	14999289	13526190	32710258	25711608	14213781	18376240	4347483	3990441	4727460	18452401	137334840	130993956	132781972	125028497	132740828	7050765	6880124	20215544	6749117	6881229	4556263	4862336	4964458	17052985	3527765
C02647	7155723	27157573	40939196	31686507	27752022	8302125	25874282	7718181	8488559	45403403	19249801	29583457	48519443	21678648	8774750	25207014	9715545	33527190	8457480	8951529	22744390	8785725	10807331	28757778	19020800	23242523	28231209	23801090	36569517	8684791
C02637	10134254	63570195	9364699	9796535	40537344	26337644	8495053	8851980	8464389	26172902	88223422	24632852	24513865	22583354	10356515	16783529	34856419	59888309	7848717	20574569	42896752	30726011	38390433	35402032	40691496	51557312	11647509	53129942	11558214	54828576
C17235	3731148	3834168	4615773	3531064	4912437	3919673	4429770	7890065	3191804	4747818	3155675	3076451	2895380	2146558	2225636	3911395	3258434	2974486	4410936	3327075	3368091	3751799	3683499	4225831	4029803	2921403	2341326	3669341	2902299	2564538
C05572	373601966	142674271	204079107	150922911	190207901	192427133	172697633	197231255	185788358	182373118	230079960	204534169	176996315	39685704	175213671	128701710	155832956	178986594	169260704	192137477	216574018	39595540	194259821	144857224	193412811	153282297	37536651	172976920	151531213	124606375
C00245	53666908	40985960	48493359	50233391	43018866	84086870	79985293	93112704	78345539	78590202	66270908	74284164	64799395	81592884	73360362	105666158	100715703	109561780	101834093	98712951	138417693	108794314	111622566	104101070	122500099	144257743	150325398	148819855	151154472	155285017
C00315	38644407	142677018	143196603	165870491	89007015	179206335	36909338	34878584	35157569	39623228	43520627	141631753	69240539	42862952	180693377	35866916	35867063	34292053	148034843	35488959	40193311	126757810	40424006	44168147	39897050	84706547	183375616	292809030	156384694	145301360
C01672	2628008	6133426	2543417	5753309	5163046	25161927	22308993	25607476	24450042	25007053	2108553	1967058	5813806	5111933	5907326	52974653	49849349	47104644	45984234	45347392	1698052	5626340	1800978	4897980	1826181	5334499	4194276	4310657	4713871	4214194
C02794	66601586	21445148	20676694	84364273	20031783	20634121	63429856	22688829	54958754	76976242	19947933	20399953	66024260	49733355	81437976	85921981	76007007	82994013	84965315	19026534	71778302	28212118	47275646	70320698	88323081	85590138	90821202	19457808	80607451	35659707
C00349	183022745	40308780	189018529	41693793	46463533	174757714	132841763	151920876	149681547	41464090	720643014	43105238	44546141	48169812	164196836	157460319	288968702	173462969	150761308	162268399	45773188	166367735	46549298	187810880	775119706	471834413	216493522	322950357	411391046	51555738
C00328	51015064	51493305	46952729	48086502	51021076	81652526	46873698	69392782	53950890	48788550	57530993	81684100	45031712	80517950	55807015	46472211	49456662	45543468	48781420	44470745	74936637	77500811	48682516	73396639	48475642	47173715	50764053	46507979	52474390	45244056
C00547	7755777	19961435	16377239	25892295	32566381	19692817	47484622	27094345	6553592	25374389	31328065	7322691	7890223	44957336	8323804	27368038	6154686	62050101	24763649	35566255	24818456	7476640	7219401	31681103	8506917	8856931	27442186	8614640	67269640	25743769
C05607	577382203	571693726	573052727	593224470	514177560	652747213	657935421	674332073	672217565	620776682	467037868	428263844	423921961	408894390	449407678	671017335	675428868	654631173	655589746	630446499	521791782	523670358	502517295	522109093	531355712	268423043	296477320	296913109	299460888	293587872
C10164	285765235	346618740	287556138	361504838	466928282	446761773	355359342	233539122	432626717	399646780	456938865	796969340	357633942	407459132	486134476	571354356	486426737	363201471	418336072	414168206	240393611	476037963	420346496	581301290	314472482	361711025	281901792	580778085	616335250	796404193
C03564	128170975	139279146	124777859	132635753	122436102	107729322	121888576	115359363	149752148	130173424	78674166	80906495	82308007	100769233	79285824	93530368	90234196	94279517	99075624	84637520	74098462	97318715	86729884	74511577	78817873	60546365	59713504	60299522	53008364	68327867
C00158	833242	797721	609372	751714	479042	45155839	48069068	46169278	43688443	40628881	19105968	19966576	19573315	18426401	20781847	45730300	46921383	41505458	44126885	45287332	32837316	33791679	29131840	30655965	30667687	840248	749796	819113	183315	532836
C00232	333734965	102466250	206364279	140264508	33348789	150287948	33036894	137388972	120651421	120023857	201850268	149406889	36474534	35212373	132688832	32836695	32227941	144761495	33070289	147626328	300410616	155108835	37872265	149127649	181657816	145087837	38736494	202474825	213291954	41236904
C01089	23281962	25058453	24523494	24642402	24203345	3632346	3262919	3164150	3181053	29012932	2702022	2748906	2729525	2886970	9641388	34630075	33452123	41500909	36842777	31887673	3700265	17081651	13901585	4076687	3899004	24189404	20373293	22077850	27365385	23027476
C00026	41189326	39309233	41609625	41347991	44094609	197068008	192928110	191233032	188239569	192298632	71958058	75771748	73992115	72180267	71763781	229166645	232955402	226491231	222881711	211948837	135686481	139772146	130360284	125759702	138540800	20813283	20814331	21847630	25357784	23198874
C00109	76530510	58221183	57474378	80839709	85715232	48565791	39570306	37634458	83098230	9989650	75448074	48556368	26006257	77862648	79198485	59778707	59507415	17553630	77526240	18613557	79087697	36753648	49983312	47278658	32730997	80468326	77049923	76387405	61898440	85210855
C00022	49768228	12584075	35575456	50842095	10880859	3406027	14601255	48471697	48505192	10466978	35520054	4557194	4519892	8465482	53860823	10178626	10636311	9142498	11165466	50203821	7763207	54181592	6198540	49814030	38457051	9802858	8861895	6793208	54278701	57072690
C00124	111678695	14224268	69591870	15545938	37518328	14278689	365252579	39939705	58303286	89117437	14265653	21812002	14253401	15441641	14352211	75767906	39141947	13832491	13859516	58461295	45305582	13890142	36533168	55042208	13938981	357733104	13992514	14266525	317384344	374522285
C00476	10921125	58877195	47989224	10712298	187158060	39831904	35333949	34344336	69729054	10699908	56116820	32326219	32080232	11495654	32323123	10945354	10400310	11056767	80196262	39699354	12001092	62990018	76395253	28399759	80791946	87968703	60814907	57040597	40065336	76921504
C02876	6384999	5466588	6296343	5055646	32473949	5878977	5634494	5607377	37012106	30358318	5534398	5994825	24183580	32146947	5563189	24612710	17694850	19575614	5298017	16227462	5438080	13702557	5210372	5516568	4763380	15374322	29378053	23740882	25040638	46625205
C02431	17447042	11451218	41205880	9984772	16742775	5251718	4934335	5215954	5224323	9436883	10954076	37922970	3588841	12600421	14277952	3714575	3951615	9951178	4134482	14463377	11228506	5146905	5712122	11088673	7262109	11703749	10005122	5985135	6215556	7206773
C00191	36668812	33976158	22317803	27782231	34689863	47024974	26193012	30215242	26728442	7947563	21758351	47804578	63389087	7812013	27496269	6988013	32852595	24995403	20640048	28179876	6787444	7867393	89217671	7196700	7544485	30146193	54776698	44164968	25223843	30917712
C01132	45124521	46001687	45559870	55912096	47827869	28665017	22246737	6230549	23740703	27126060	54908846	56101310	49740289	55555708	68199932	37425593	25323454	27112069	37232866	28803857	58897302	33217367	31363196	30783533	57891624	38786554	36908272	31808689	42944641	73440223
C01732	45740610	46580770	46431751	50552688	50123908	254644073	242134082	237285524	242567532	236042137	91712587	94472687	91130918	84072875	98463029	300475927	298868171	292410940	280117110	281528530	175989000	165858935	168115840	167713591	172084897	28716656	30857945	27377230	26402895	33639699
C00227	3162385092	800940473	1669398969	3263229293	544429409	319734622	676220552	784291335	1904455983	3202999079	773342385	3170376816	3416733270	792596488	794455033	3384447347	775647249	3202282844	3395851492	1884946973	783011625	785066079	782876504	796605994	807969231	817789404	589673424	841426006	857195836	3609949496
C00392	57423445	55599380	55845866	52006202	57379977	138231548	147127664	141602614	133130890	128940810	153089502	179436319	179355041	176477603	180279060	207044138	195787303	195542999	209937434	197203006	684890560	607259291	748666224	718022074	738788067	2121945644	1457180048	1455830843	2114703111	2302197963
C01151	16571681	17623022	16506006	17751266	18781433	14433164	14821587	15528943	15304022	16764039	16689419	16513105	15840265	15986302	15172260	16784591	15137427	15360645	15034966	15501951	15079606	15121280	12772875	15427254	13978401	16083301	15901521	14917150	12875131	15784983
C00257	154760003	128730563	189053176	127505621	124617228	155726406	141980815	124368865	137040078	149526926	38961718	31140969	28861591	41070194	36733042	43061400	39049368	44271594	48692767	39645910	176730391	130569409	182610319	183152478	155995028	28512498	14852197	41215926	47331545	32370471
C00741	13043169	13406697	12296166	15925908	11593088	10043991	6196256	8283389	2113847	9079744	2288347	2686463	8893667	2238775	16135262	14997960	21889843	19992589	16829285	13625837	12133729	12341923	12690833	14376583	10900731	27343865	27085286	24067090	26161896	23242465
C00258	145728224	128532257	127642973	148651369	116932061	138736176	107410146	145814926	129796403	133854076	13398209	14227540	11883373	12155380	13768033	64605375	73623877	64644896	68493988	62891471	25330938	23132619	21302222	25903254	23604328	10645470	11882580	11429399	11441062	12220647
C00689	5605988	4669567	4739437	5177984	4625862	14004007	13179193	12819877	10765666	13668740	3967429	5194607	3675338	3621704	4553535	1952235	944978	610925	985083	2504259	9242564	5654496	5203587	8562149	6201621	966660	1109226	1543582	382389	896944
C00092	26466961	25783213	24286804	22217457	21649229	24449421	25648635	29681205	23834670	26215642	32420199	30678499	30557222	30494142	32979379	12443451	13180706	4253080	14107444	15634880	26287821	29632029	26221148	30146170	27873212	20749078	18040523	17945258	15045272	16973425
C00198	37392093	40097338	10746910	37761836	41987894	28645846	31045042	26907907	31496710	26066728	5939115	22505499	5554034	21324436	5798878	35205307	33596142	8923736	34280512	38932562	7604164	28602599	29094855	29605515	34506065	26666033	6975463	25963919	6148175	6335122
C00379	124770684	117896539	113959114	125804969	108285906	65687690	69805144	66239896	67844724	58670239	21974235	20070816	18612911	18245967	20623070	49187005	46143808	45898071	46091462	43267406	23017764	24317684	24881920	25367540	23522803	21765625	18914085	17491754	18569013	18294570
C00794	4551174	3796302	2245129	2718956	4094546	3296745	2964421	2327870	2370084	3605995	2518186	2339887	2089270	2004039	3854434	6686840	6417387	4276583	4128754	5240751	4780814	4029023	5319033	15515936	5324424	91702622	94585666	85661122	96384202	89011544
C00864	732715542	765678363	675067448	607818870	686561184	866972096	889725410	886307230	883455093	828369370	467544247	395215599	440977156	442716769	435737071	1122211743	1244454993	1197226024	1161202606	1165884667	893457300	936927725	932510369	909514170	865099695	606221386	598901700	604115792	606284910	617418128
C00568	155046887	159384949	139380838	160104377	156179302	259886174	267658048	250108108	259687069	250397351	129729219	132338517	128208801	122932185	131386999	106460418	99604356	92848032	89559402	96712310	310736277	318860251	314266281	323647258	308771318	27549453	122453994	125338095	124601313	114475651
C00504	2633197	2989328	2744704	2638716	2890800	2910007	2605357	2784544	2318172	2731055	2253657	2829258	2300110	2340465	2053942	2529100	3027770	2913508	3100033	3060649	2413938	2166581	2441455	2566635	2183982	3459383	2875736	2893350	3289211	2563152
C02656	417384936	386103685	81532123	85015155	342151920	145283675	347048122	138658622	81327411	81478457	81972446	393764900	82714252	323315791	401644249	84999006	122677666	111808459	182395234	86425077	85133013	83783977	82377681	398459034	80480821	91386000	68810001	331446847	95313029	85781661
C01040	7584306	34253576	6949101	6407516	5665637	19752304	5735175	4993557	17903541	27573654	18014357	21726947	4707869	24281789	14173756	17328901	15565580	14321141	4519005	4276162	3957341	27082906	16451816	4335537	3837238	12011191	13430174	39129864	3899169	3987196
C00072	164747347	151027374	137439989	185176696	126300291	107956733	138627727	30028187	188095241	29771013	32436302	95398354	93763081	151714993	134895389	139525457	28335524	107970254	44125472	73072275	30984921	181619413	29428028	73410160	30298825	32140574	31786823	68734669	128363847	36605997
C00966	506742247	473212549	492808101	479977845	460352753	613998970	612391636	616111499	626456094	596135501	366469817	370835150	359374032	379544675	349814855	599674864	686414173	602460703	681845811	624166270	509729654	487602425	495714498	518266265	506078219	215093027	218120752	214368298	228685187	219981390
C02587	38917409	38959346	37572627	36071732	37025802	37560681	37736242	34858906	35246067	33354207	29003710	29947297	29097966	25917379	29640806	31805534	30542642	31272595	29514590	32117764	22616521	22253061	21696656	23005233	22167114	15248688	14045837	14046831	13736987	14453459
C07272	78180597	33308185	63733584	44455016	65213328	13847821	13361840	15072502	13796234	13765685	83164354	50686186	50816479	56901472	80400270	56874159	14334381	14327258	14584904	58572776	73815193	18219484	19612660	41741132	50002745	64107280	74653079	98863974	121425140	55607259
C01596	115099154	109979888	119930142	106864089	104978736	71213038	74334880	71042031	70518032	71524123	37179645	33504446	32622986	33609407	32574298	182665141	152011326	177466959	170658861	187628114	64704150	61545212	68026022	63213935	61280151	86358777	75670633	81166245	85248333	72171818
C01727	58394426	56918106	64441530	60806905	61617604	57204065	59644573	56091268	57270208	59846648	57677679	61392079	63283362	56334230	64085993	52789105	56095636	62316705	61305835	62123232	58730879	56241243	56206418	62784930	66777916	58961189	69095244	62156664	57729356	61525907
C00931	195163321	198446560	189836484	196379962	202181113	195930173	195906945	199515922	201340482	205767517	245992633	241752006	236191331	242299181	245770914	161225868	161885262	167365385	171036340	162263466	140913170	140074891	145048953	140723753	139976155	135697791	139358049	138404938	139780938	139450964
C00715	11415546	11947855	11965033	11360523	11082411	12703540	10912111	10861097	11690048	12084613	11417390	11698757	11940524	10792483	10590625	11702596	11536295	11824948	11357910	11211715	11955312	11071104	11608947	11602209	12642096	10659000	11392882	11406454	10992550	12158781
C00255	151363075	149152280	148651132	78236400	141474376	118294480	152749359	171799968	150509250	86965018	179252525	149807337	173025448	180659596	52619902	183497515	164591283	53887107	144169006	202225682	145424222	136243740	113959659	164371526	131868974	142816213	169264768	148464226	163595733	181647788
C03722	203461224	156060983	38858870	140768954	194436379	215697126	198373067	126417844	186182566	171372796	158549293	39592800	36419286	169961937	147816967	153507220	29861400	272670811	146857547	130830128	163212746	44852282	40022805	156149519	123649464	183233075	344857448	44804942	159824860	185156537
C00153	108353894	109473067	115431792	106985266	103512492	156535137	127955249	153390918	128360385	126453995	104781917	103854223	103563150	99613974	106960326	214014279	207050282	206000225	223009261	218882452	138692891	137818191	138454798	126709194	148925982	83669140	85476659	83866671	80778284	82922108
C01046	68116597	69505414	67479212	63598001	66045635	9908897	3718990	2671062	3555303	2953212	63517394	69483128	62097448	63409573	69789875	1924762	1894816	2291745	2027568	2032990	24847549	23930559	22757737	22023795	27674398	2131127	8366971	2213355	2056294	2035820
C11142	2868079	5037545	5611814	3741730	5955811	51147	78733	110184	79147	456516	1654214	1808820	1480884	1656871	1480158	1	12861	1	19658	33154	1	1	1	1	1	1892	1	1	1	1
C02632	17886987	16436416	19325913	19217644	25938861	15347610	22749747	14460214	4049535	12729643	15729833	18557152	34424647	4755443	18325309	4701538	22462051	19248394	22653768	18879921	21804536	27649526	3911245	25706906	15069950	4134074	25130937	3840073	4755896	4137069
C08367	8527987	7305533	14445569	2299352	9607085	2107556	10374647	10225072	6045891	7586429	1965030	2094417	4888589	10469115	1941825	10780244	1760213	8337890	6092747	1638476	1696791	1660859	5670577	1520566	1611021	1634970	1526727	8657922	4936686	1535103
C14809	10114814	9865697	10305625	11517271	12678924	5981917	5267633	5804767	6046352	6288795	2415464	545337	2637871	562484	1936359	4144894	4014752	4006968	4382131	4701240	2136417	550475	2024928	444977	483476	336490	446137	367878	447360	1678445
C08316	29337374	43680982	35585871	24366283	24248459	39673866	23441850	43526019	69893395	79741550	19381718	20272186	25075855	50773346	23922988	23900780	43404877	39681564	18406776	38938465	23086934	25999554	13541942	15274567	18923521	98266788	14204750	73206598	19154487	18712842
C03196	97749019	341222388	99112883	367169257	97256086	96877894	383171900	504640194	99368837	366823288	422110082	102152084	356590858	755433274	375338239	89330853	940911876	1443371409	913747590	584637310	92395892	444305356	329001480	87661700	408004069	1309941502	85442717	323874603	359532003	290155802
C08261	33464024	29296884	28507426	28250747	29699100	15603821	13342336	16949240	15653360	16765978	26085193	26411624	25918401	27429942	23893001	6654911	7034137	7202244	8488556	7772820	5090187	5417391	5497145	5999983	4698733	667021	725029	696765	751101	854183
C18319	38643239	29174310	42404948	8391247	19497616	18243538	5241380	4800277	32283184	48423629	19770782	15802704	15445603	122289909	18844791	28153766	46474289	15953201	100685843	29752063	19396041	4660627	19926648	20295127	24678604	25834470	25126092	27603743	25803035	15876713
C14825	6741291	6718832	6009684	7403818	6963976	6779486	6042747	6038659	6991693	6089776	5467345	5545652	5269283	5550208	5268884	6579199	5753335	6273066	5964841	5780456	5215172	5292333	5645729	4990849	4946992	14615329	6749236	6466173	9331419	6246570
C04741	8239037	8885865	9009912	9280331	8330238	1145768	1383297	6985536	6107734	6060918	770838	626488	677813	3643630	3473364	893600	4258492	4375923	4019439	1055667	656698	630432	738783	729659	625604	840702	2981985	965430	3230655	7826288
C00639	8758019	9285255	8035160	8655947	8402603	5818314	5719232	6680391	5938599	6173219	579250	605562	588506	2617609	699615	4005516	3680840	4134843	4821785	4966738	2861922	2849669	2585812	707600	6677611	635557	2912147	877075	768041	868217
C04056	21253610	17485575	14261081	15964167	24862504	24691270	18089272	17722878	18376857	10593216	10595150	15689539	16075553	23914539	14941620	4002355	8611144	7650667	14302249	9338891	9301974	18049018	16745870	8203939	26714465	29350634	122323394	24213603	32389365	22692917
C14828	5572643	2899867	2609632	5635047	4898640	3075369	2207222	2007493	1988467	2149194	1265322	1075820	1672209	2099310	1208277	1688040	1926697	1766853	1861207	3410908	1720192	2206451	1960160	1038279	1802845	1930786	1285081	1565621	2261916	1797197
C00427	12563550	12525455	12543338	12598198	13368190	6794196	7075107	6748203	6908539	7674712	3163432	3463519	3607168	3440424	3004088	5784503	5087783	5646863	10536918	6131461	2904779	2733464	2897117	3204103	3350756	5352191	4796076	5433113	6709104	5796320
C03017	3680885	3582860	5027667	4108435	5565363	8609074	8634441	7177788	8507262	8343685	6538242	6252433	5627640	6510223	5596983	8535655	8948605	9075408	8949124	9681482	27305262	26588981	28885345	26460832	26907088	4764849	4588513	5270258	3988486	4436810
C08277	4766903	5411067	4741797	6614655	5610489	3360665	4645332	3986705	4445297	4887904	5186615	6780562	6078270	6033805	5677309	3940918	3885869	4156117	4125724	4351026	5272415	5490433	5404229	5417501	5796904	6655761	7276003	8437372	8097925	8241588
C17715	32847556	160268545	95230414	165797665	155635553	154703306	145315434	90369538	32396746	59324196	154224758	175338719	63464082	145628474	165274244	161131080	111087116	72331138	66722618	96579036	144956423	35970676	90583377	139438756	124120191	36462382	33037356	35340712	77176739	37212823
C01530	14142192	11974050	2593568	9607146	13018984	2431508	12974790	6673177	5959414	2434944	2650423	2693895	12689147	6258944	13906758	2619115	2528662	2466440	12035565	5160326	5796478	12982162	2387452	2520392	2487929	2765492	2991971	2675856	14663827	2645890
C08278	5192097	5114293	3914357	4720791	4952386	3068521	7457211	4661587	7231915	3883254	3767073	3805508	3450289	3559578	4328755	2953792	8290148	1867775	2286321	6524602	1504022	1420294	2324883	3203296	2047277	1778929	2536679	2016035	701737	2829947
C06424	10329432	10094567	9403247	10008425	10212387	9748263	9951358	10561673	10089589	9706756	10625265	10180021	10373782	9770928	10962526	9642516	9942893	10295021	10084267	9240330	10719921	10371998	10112582	10733619	9870714	11565890	9927451	10294613	10884340	10473667
C01601	417398714	433131559	412839604	435800124	420686171	399665960	419778749	408867658	417601718	412956492	414000029	409540614	415486779	423369491	419122545	391511407	397955834	415680318	402832643	400947449	396553231	407736553	402565160	393769877	376706969	385502921	411533468	437141215	403923148	434886283
C17714	119175365	226043517	122782054	131280452	34791250	119272553	89844255	30424945	31398916	122433640	92804761	247887151	446016031	31305900	32385431	89573328	113155114	88606208	27362624	25794620	213734923	168322781	173181876	36113867	157371291	36459352	149552210	130441901	35626103	129773530
C00712	27372426	27050626	26549182	27590882	26809777	17939899	19362032	18847536	18017002	19428132	21180833	23119150	21378519	20509108	21396060	16186416	17694805	17015955	17824702	17724060	17047577	16716821	18432083	16902133	18969545	21358792	21422728	22490816	20578561	21586150
C02862	16102598	14458252	14449640	14621261	16320094	14759169	15799555	14033098	14985690	14684595	14289845	15963794	14846280	14338202	15795172	13902101	14881506	14309562	14106517	13825736	14612222	13997194	15083399	14122821	14794704	15318160	15294950	13444632	13847966	14692548
C00670	4035604349	3977455322	4069207161	4189062729	3991369603	2370805466	2370840436	2351923764	2219603974	2343265349	3740562722	3557564627	3764123699	3849981301	3660212281	1410429144	1417546165	1321727735	1324721035	1345566499	4028816203	3856851072	4242599778	4217623650	3929307705	9227361876	9130979444	9478113924	9873101647	9299261344
C16427	9531090	30177396	34698178	9208690	29752145	39906857	44866267	43137269	31699946	44745222	10933547	3803897	11054686	14208168	3546041	10339415	3014271	8518150	3073021	9186387	63745964	66658862	29598737	60530008	42611416	5848426	25081994	6748953	6299385	23103603
C04581	43698671	44555974	50360162	51838118	46686418	80138517	81676863	90098471	74324171	85542308	23771418	22826001	25107886	6335981	16443201	28176307	24504183	24730430	6397587	6145477	54831351	63710100	60618965	50358797	63063912	9689668	2677858	9594338	2998187	2266443
C09538	4878799	4135841	4490583	4785668	4552893	4946205	5033494	4862761	4628819	4960274	4562930	4533863	4561493	3966656	3958893	3196516	3905277	4076624	4005337	4205052	2582965	2454428	1961239	2434089	2525854	2073448	1980967	2274297	2320446	1935673
C00383	35455602	37778372	35022650	39254624	40903347	189140586	182695924	171549977	186124313	194383232	69524620	67310040	69047072	69676519	73951054	246043045	229653525	222718788	218587844	210784127	133797846	126180480	132607927	121865241	133027295	20284858	18263899	20935647	19222185	23056025
C06124	1691129	7038755	6075387	7578310	1255417	1454255	4094985	1439828	5008283	1497993	1937408	7781084	6684264	1966769	7922204	744952	3086630	958598	675737	927354	1900190	587070	1973376	2422922	568508	3239880	879280	858425	2753657	532498
C00588	1216135464	1250284206	1288748731	1263281884	1202802104	770081167	727203371	791549911	800762978	771834688	993123126	855120081	959340043	960697130	946126393	784437476	745204893	772368215	776158286	762595407	1182569138	1187285803	1136687785	1286715740	1157009056	1712090881	1655530342	1769596821	1825456881	1704040804
C00318	823117795	818300643	829343643	826255760	822321866	786879918	721015171	738313290	757563421	790535353	375078148	353464231	387486330	385676610	371552771	649777947	626499745	607637165	619691716	614697723	509519275	508034290	521392975	546637437	543356022	421990387	426515919	420964366	428982977	410465355
C13914	77692865	72979945	73400328	74883688	75936048	70143720	72230683	74399165	71523977	71959099	74968580	74592879	72630695	71974259	74740268	74578185	76855064	70919215	73755438	72410886	71654186	74833648	76096132	74889593	73787189	76461097	74486645	78983502	75848394	75819630
C00836	273648018	267631937	265877358	273034220	282039573	267707023	280313912	270299526	277299534	282034593	285038901	272708100	269726524	282144923	280863462	276453925	279581377	286111613	280771368	287798170	282276020	295892441	290865953	292485517	291305203	315625701	314241925	324036286	314748464	320222542
C00114	84635518	120064187	94754647	106603857	62964550	88665803	95336052	66823091	85138816	73603300	85920261	78233115	80945440	116800951	126518358	123449702	155438235	103474979	177868684	182637738	137417550	99043542	93910970	108911987	90789650	56635766	130979027	59558166	135678448	63602026
C00319	15483523	12701784	13626139	12386443	13880461	16142497	9064835	8522179	9048472	8635299	9290472	9371953	9396072	9198307	8662753	9389539	1802552	7143827	9558189	13932162	10410355	9671099	11642291	10645935	10389473	26678275	21103336	23197239	21309591	18638457
C02934	96161800	98247117	95851391	94256783	93344896	94956913	96319743	90244346	90943447	88492570	87950038	92139073	87627073	92289868	87032549	81998991	77886256	77562679	76277960	76370128	76614940	77549291	74609129	74696436	72118954	70619113	70977263	68869015	67085798	71399058
C00307	49662533	42929950	67108314	47919927	44356875	9413838	10884446	8835219	5995398	5450625	7599337	9352823	8962280	8243575	7450890	31168154	36900827	21971940	28043902	20894859	5987108	3949992	5995515	2735500	2189219	13462713	8790437	10223184	12252012	9865705
C01227	8194918	10110265	8123149	23108281	6695287	9435123	6807489	7999780	6908867	6924424	5752615	8211257	17327864	4702865	4590648	7067337	6043634	6104749	6193402	6028394	5288192	6541855	5463660	4984176	5256387	1863591	1419569	8854606	1442068	1413615
C05443	4782903	6320695	1201683	5527656	1328299	1310065	4932662	1094836	1393486	2965793	4031900	1292758	1297324	1303992	2702693	4414115	1418886	4546514	1110495	1450619	6893771	3870518	4730790	1292370	1207901	5061911	4300306	1505906	6131710	1414665
C04483	234461895	217155352	195798824	256611435	216008142	235130267	202928984	244841439	209340159	205186294	244473302	222398656	223167832	260250593	278327851	258453849	206760834	225358627	236024011	235228932	186663100	223314654	168434432	215325729	205688596	213969667	236791857	220245465	229019445	259780900
C00187	1688970	1723777	6276527	1914108	2040750	4410596	4246621	4251613	4951251	3836560	4932063	5620013	1207137	5057649	5026834	4431902	3633914	4699442	5146690	4136057	4053854	3498275	3798745	4219361	4411283	1607162	5050358	1273482	1692738	4366998
C02537	2159994	1985115	2166920	9511382	2220208	7064398	7818887	6661850	1892625	7865654	6624098	5997295	5495412	1541990	4787188	5793852	6562164	6707426	6233212	6925639	5284729	7121240	6534899	1579204	7829732	2110593	1759035	1670912	1533263	1535098
C06193	159997663	178674237	140227755	178148429	187271080	248153318	300987507	280022435	309161386	238043637	122016636	118644579	112559690	109910432	124592118	120654482	108544558	121829804	92578605	108578473	188530766	224402159	175692740	214085674	204549067	43031845	49993790	50451913	56097255	53355076
C00106	5276530055	5368591251	5116241191	4873912470	4979671448	4396088747	4209058115	4481899250	4445326582	4483659119	3688001753	3752401975	3661079571	3753302502	3748716758	4261735606	4105176218	4378052012	4354896571	4125236399	3814624588	3921979570	3735799298	3791878924	3902296453	2656243460	2773393001	2666721286	2760348171	2842175947
C00380	11415388640	11065760246	11381746580	11219156967	11347824947	7230325830	7270330912	7233824053	7004522479	7296332319	6766133798	6621081745	6651776879	7158663604	7132385147	13378800845	13315403982	12450101711	12881342369	12482001456	7296989864	7195667376	7586822469	7256723790	7167391406	8380368148	8085161856	8395818199	8253340394	8322765168
C00429	23897812	23753535	24103201	23723746	24564191	18296128	19517412	22433416	21787052	19340892	19147915	30241017	29012613	17845496	17831009	30595961	30540970	30782297	36533718	32872147	22382065	21215315	20751091	21267729	19517638	14945704	14921663	14737169	15957378	15771359
C00178	53934643	195397554	191397992	237492060	222786123	54237954	268785150	259186528	207193346	225146072	152614044	283570119	267618712	282521075	66940786	53421156	57035072	54026080	51411112	53581293	285428956	243412784	260994542	212409704	61184845	326938214	200823721	292953991	334953309	329856499
C00385	5519327	3137223	9476071	9600058	10603402	36584651	34833984	34991120	34728149	34687816	25309454	26410085	25107668	27287986	26732127	104135075	97911333	97352837	102953235	97559883	61627234	60758247	60955746	61336638	60612488	69220539	69866283	68379158	67787413	68670535
C00242	556402470	575254825	543177763	571474160	530733533	1182067298	1133184538	1160382700	1177996820	1171704647	869873142	889573370	912017880	890725791	892294439	683950382	677444458	703598815	659719804	676239657	1341454656	1350196673	1425927474	1430671710	1400088603	258455472	250522643	266579339	266457063	251053539
C00147	13864733	12481535	13011944	13577218	12694383	8383158	14411821	10252885	8920040	9004576	17055420	14273763	14815536	15638399	15381575	4177215	4694721	4722948	4843662	5178895	14551583	13116260	13428281	14377706	12106406	513216	826939	483209	586702	561401
C21028	126886244	28311251	30414596	163363058	116862577	120168155	126549668	34944444	131311537	182685182	32620063	118264434	267310975	29692340	123539054	118605602	108160165	26995995	29576883	26938162	148034138	99607674	98147878	26533236	21498797	23827509	142842111	111306754	21388450	103436565
C00330	3927185	3902239	4818846	4224194	4929412	15225354	14595969	14110723	14358880	13810496	6475683	6477105	6966088	5680087	6377437	4302937	3640259	4578435	3614568	3725572	19277296	18265743	14850369	15675532	19068323	85995	206083	77611	114105	2763446
C00387	645611598	688674281	670047053	661335363	661324783	1494793661	1373367127	1208901973	1446548956	1539269453	990072909	1169367564	1195067498	1241693554	1176734832	801279044	910412465	893051901	895743150	896913196	1688867181	1695570898	1820478837	1842369974	1766238180	322083416	343486532	340285674	348594545	336692040
C00212	138116623	150480657	148251898	139829871	132109417	59501132	54026404	57364676	54790733	51741903	177830091	190010166	194667194	174550063	183225928	176008649	174584815	175975066	172994643	171394719	121003542	123703374	120854066	123722186	120816551	82912827	83562887	83775807	87036904	84032217
C02494	7230301	29162856	7434561	30277599	27975520	10016911	29945313	33952692	9366647	31628814	35174791	30147610	32361069	38161660	27572266	21004258	7088257	6717603	23410743	6576970	9133055	32694077	32762863	32292373	26684298	18576103	23313357	5887531	24481069	6035193
C00294	371782824	306395409	365180229	384641292	321600945	289731809	326977292	319823497	305937197	291367673	397913891	406626989	402942506	395856337	345901681	278072658	259300083	183390716	229479136	229646991	402911607	419770108	427697180	395760810	425223228	151048783	166678800	171943464	176791545	173948051
C01762	2545043	6250774	5237209	2208932	5634221	6481652	24389956	7673910	18127501	8467133	11927216	4923278	12460802	12258294	4659809	57790333	23183718	54446558	27689317	61308069	13764166	28250547	27493012	13395840	28871569	11001700	24132188	11540380	23443427	13191665
C00942	15310547	16071689	16556268	17359179	17725947	16450589	16285716	16604934	17852075	17796827	16828289	18105208	17129417	16379007	17044059	16248097	16799701	16372659	14923570	17081766	17526909	17506137	15785634	16687345	17800335	21759686	20889946	14432452	22504507	20055203
C00299	276804702	218269241	232972868	274763414	265870316	260787483	241166800	234778805	233340415	241918678	159605759	174775056	138973753	127876990	124963591	201943571	202418143	203513441	224308446	224009876	175371849	154661792	141004504	187787333	166295046	117718228	94546006	126998361	93645398	111659998
C00214	15150103	13750791	14281618	13585146	14398128	32281447	29064034	26044465	27182284	35216707	14053190	13158815	15910598	14889252	13157434	12535970	14142368	10598154	13948874	11624483	27208667	28610722	28672507	27187182	24866713	13707208	12709367	12448931	13220723	12282593
C00055	571309031	641566793	594099554	652129716	630830188	959636861	996364654	983201118	927310981	785671543	336585849	303107281	356534182	320395339	301892209	259268133	301291734	253022778	281815971	289765560	902285537	261112387	1029139460	919405636	685995292	172608310	174861282	153364275	152191768	172283487
C00364	1	10400	1	5520	7094	1492032	3562231	1702522	2501188	201688	37806	31853	159173	149190	1	1	1	1	1	1	2450551	3715135	3917976	2095308	3294788	2797	97221	23227	24088	92032
C00105	16013980	18837617	17089027	4466397	16844614	30167716	30858899	30914418	34242186	30028778	9987243	12726829	14170399	10830628	11332859	25310981	24407236	26268842	22398517	25004225	16124352	11832891	14986087	15809988	15764462	806156	1215919	757270	1051254	1017199
C02155	70046663	56635515	57921221	59913594	54530111	129514597	133377313	129641140	126766994	121020965	60974370	76434426	59621289	58559289	73776331	78581071	81742624	81066782	83497730	80112443	96260712	93673695	92733227	112241125	91516173	20378996	20332454	20495232	25720366	22049593
C05282	121175633	178405434	179879553	117090766	121728847	88113377	78479111	76654140	87582085	79723598	46958455	51139411	50732641	53744280	50105813	78011203	82792738	90124685	88440737	87475761	82500898	82297475	86338262	86529823	82415658	60303283	60150201	63477228	68894671	69633073
C05283	26408860	6327048	26019404	27501105	22988933	43323281	46371676	53034901	45487841	12068653	34976683	38160147	9003522	33629218	37767643	28489514	36961640	34344757	37657699	26322537	9038525	8886835	8329945	36197546	8025883	13228272	13833905	14465135	3881371	17379823
C03431	22000637	21987194	22483560	22651090	22814970	4944718	5106511	1085869	5268015	4860544	4134081	4122687	3742766	3769531	4427221	32837948	37365532	37496004	36383977	33031597	815174	4037812	1021332	4162871	3143271	7627774	8410736	8220285	7300763	4472134
C10454	32189080	35758146	31174425	32357206	32039432	32127098	29847612	32651228	32644954	32246929	28936539	32576468	28933543	31299306	31483357	29599721	30344565	31308587	32979579	31019907	31962546	32477603	28054846	31698594	32073885	31427109	33608646	34103262	34220612	34175309
C11016	124882163	124063605	128165297	123389625	124176505	123984639	126610233	118698613	135084622	125755922	121879839	124323072	126490135	117522140	139696745	118537246	115780426	121360848	128249755	123158399	112300387	130939238	131509129	135234012	128654385	112435812	125018441	129057692	134240013	125728764
C07430	5451821	13976535	14841281	15037265	6046980	5616628	11308026	5845758	15902466	5225243	3394486	3943336	3132523	3554621	3751737	29709372	33975398	25569597	29390432	23320002	16545318	22202155	5217580	12152020	12188322	7683045	17909982	3596143	16519285	3850883
C07514	31734286	30367708	18512709	18987716	67042787	6313362	5138281	29712502	6105506	19431936	16827564	30196124	17945245	19563137	6055312	6062178	25843484	6083631	5803214	6069059	5803853	21328601	6300226	44636099	29988458	18249965	20943741	36830115	28685126	18157471
C01869	182818397	219817608	216413988	219894924	182746932	254836539	254801009	238750865	250089805	265682104	151307158	166735126	153559978	163817342	162261472	236415730	258111486	261837379	240920170	276541083	197251050	189555920	195346987	218236984	220705350	88152167	104855332	104491389	104290911	96760822
C11696	8348430	7604965	8119904	7860438	8173642	4876615	4739909	4448286	1108044	4486406	2747780	784261	777067	3195668	732304	1200898	4703784	4688419	1181332	956392	692635	661312	636586	2496602	561771	5030927	5304386	1314122	1375855	4437726
C02083	66353866	54188433	67299413	61167375	60231287	81654060	56714698	69323385	70784008	84775531	50821530	46825371	55091114	48468091	48450088	68153245	78461163	72804572	68655748	70110058	72379837	68418988	61080292	61881406	61079830	35815548	35391765	31400622	37581181	34513611
C14403	18037299	18085989	23228624	11812285	4438813	44330613	4002115	16854741	18841321	16537847	4789924	23299027	23334013	17552694	10507435	23322518	3966546	13745861	12416686	16765003	22486805	14910888	16721970	17525515	43232022	50785597	14119624	16519677	16037491	18749586
C07131	1610863326	1564823789	1540082519	1579303857	1516824158	1516424495	1506174548	1553598290	1498628912	1485861396	1567665610	1588036847	1678961660	1624993386	1597547192	1526027150	1556996357	1494436731	1616497700	1516201060	1609097225	1609683868	1609311500	1656684286	1588108124	1612354280	1656064156	1737166118	1632243941	1613761125
C02993	264083067	270088100	265569099	300716717	251034118	99961044	89156611	98969999	90432139	90889330	185163473	158615276	202735240	158723251	183073324	63797608	57746552	63448398	69849762	63373455	210382746	239053593	210193954	266470611	239632193	272198872	250825462	276839978	239894962	262035055
C02385	86439353	19965437	44292817	62253616	95322212	790579004	437795741	424328904	173115323	197445099	18542043	80025925	75884335	61971296	18099575	373682910	210037190	169211797	792823118	135292359	28663394	97407144	110002637	59258421	257154519	8196447	7500711	8603508	7624560	8389613
C02227	264960148	246627995	255302571	248081422	244094711	324922598	320952533	321944020	321881618	323203552	189612600	183512881	192567077	209129057	196487393	309060461	356146445	297872368	354443879	332604140	266207569	260151975	270689414	268552210	258138010	117885933	117011158	109165949	119010293	118235124
C03619	147947104	179554875	138910136	141236947	90207018	188504205	149426998	35359573	133304853	32725949	34976245	141626068	172151326	161306717	183307841	186040819	34565564	131910492	64897780	180792436	34742986	146941119	95897927	138216809	36690836	73565320	38958443	152431959	201929842	135968511
C00548	78124066	100007918	116465598	14578482	118957347	6179229	8821705	14832784	7663561	11205467	13235775	55535425	155011800	181622701	9338791	11484386	163006642	23365574	10817939	10262519	9558993	9146008	12290246	104187082	14561347	42309236	24469636	10557530	52353387	98730266
C02886	17411376	20554888	29346003	6101893	5386456	36450467	19318375	18231952	21706718	33145871	7447912	27446047	13245536	18817629	26681506	47999259	5043592	19502287	5715236	41580662	22065641	22115889	21529991	18785884	20076030	18571335	23233376	17199349	22956151	13011269
C08481	479055317	498342692	546693173	485839235	478707037	555857114	548307571	553301198	561719755	522806166	478342070	553344017	504366387	290746492	410647952	540889420	565668026	530617216	565001834	284058084	586171386	516228331	530813424	529833129	584879435	395961555	216642485	413344774	405333745	429198951
C17205	22515894	22304298	5658610	5428526	21002936	21023551	19932491	4606633	4596519	4442302	29427271	5541387	5179615	5557374	17942909	57951663	4322227	22151598	4244692	4348426	5310619	23926632	21455073	22378164	28397693	7131976	40392373	39131569	33792962	48642106
C21026	306808443	307374620	309787221	312513941	302331221	355743137	346375793	332283002	343782668	334307135	375046732	380087116	363324183	372383253	368645226	307132953	294468980	294905560	295692176	287173498	304535728	301567039	306714138	303832303	314396795	87374303	86001495	87641743	87920767	88849317
C02115	1352457314	1349651642	1367851222	1384947661	1272970798	1505312262	1500359065	1587356931	1559281788	1460694379	1068186433	977560662	973533998	1015070030	1068426545	1599624358	1573430224	1544336327	1508060515	1501819253	1233108176	1228383483	1194088278	1236287083	1220176991	658388856	671964084	712591096	680861196	694150643
C14308	904187	2869470	3067123	4418412	5317802	634621	2493942	503840	461517	414529	3703744	3679723	3467324	4160648	4198868	1568133	353553	208841	436909	1799039	761650	3737356	3728598	965202	1509660	22312342	20200360	18433809	16709142	13109602
C11071	45301727	44821429	45687089	44419205	46209330	35679024	38611918	36624440	34088930	34747101	30317745	30121891	31785583	30910279	30278465	56516397	55609777	56040343	55789550	56509321	66113123	65767320	66513796	70164128	67044160	21139002	21109304	21584505	21898548	23133644
C21030	22054294	20519253	20583141	22552062	24866352	100944493	106833652	101329664	107633931	108821573	42777128	44555625	41568224	44105401	45552738	137751830	131376944	132137499	131441181	126508662	77870717	80924776	75894527	74489625	83245261	25643926	26898139	26133888	26741268	24863813
C11171	35673448	35537393	35470040	38684162	33889816	50925369	43264160	49872936	59235571	44910037	35504849	22766252	35158758	45605047	40492481	41803906	14438162	26015994	56283231	44615433	38638210	11515361	40546650	34708717	43106217	38526448	28438274	29891860	29675889	28450693
C02752	205543012	264090954	266869952	276433460	1567650	139317646	184223953	169422115	6903314	4596235	191133691	166615959	252237555	181663994	6058551	112433550	135687261	238813660	148909518	109035807	250213550	154063427	160872033	198756933	249565346	195762428	228682461	104696074	212583311	119184057
C00919	11323150	11849214	12090040	12638491	11001813	21869161	22253906	20969015	22501907	23737825	6716365	7758208	7452449	7158582	8093719	22625385	23198679	22842224	20158946	19529508	12992369	13939438	14623220	13862056	12120023	4167299	4213628	4384833	4374698	4043725
C06685	5971880	5277158	4620063	5041430	5125286	4648546	4049662	3789892	4733296	4024385	1425518	4464557	4710394	4431283	4252401	3928032	4109222	1132994	4127211	4403089	3474895	3463663	3435527	2782779	3122329	852958	3118025	3186655	2889236	3644308
C04337	34145447	32606214	31123742	33640241	33493353	51692144	52100754	50005138	53851076	53073465	15031330	17607798	18266553	15937948	15522098	70370170	74048247	74371101	70844664	68462346	19859236	20577293	18889197	20934315	20390178	5261783	3841672	4748875	5244885	4992011
C21602	17706424	18965185	18583875	14802771	4767576	37618708	39427341	39689596	41958254	37246214	25264184	24514184	24553925	24607863	24301578	3980217	13928262	16388557	3327522	6420609	35132293	33713470	32187782	34339310	34626583	11364821	12181038	12466469	10992525	13221792
C21160	13069906	14679746	12995737	12294315	12480062	16878971	4237967	16240170	4186815	14853949	15304667	15713632	15494336	17141775	15262757	2514863	1792104	2286247	2344055	2484877	17233518	13180036	12305162	14963639	4412142	2017473	6870760	1918755	6980653	6513081
C21730	5264083	5014203	1354125	6225212	1271161	8040469	9363751	8907935	8334780	8277357	1784685	7273878	7207112	7653863	8042933	1812999	1742497	5887666	7167707	5494847	1778950	7312544	7127839	5999538	8073503	3378608	3708235	3638254	960767	4433319
C07151	130806077	135821178	135455464	135362244	131880904	141011641	137731737	138908397	140849703	135876493	136177577	139502148	133163929	145242177	140367298	134146864	145185469	137043826	142984893	143759884	130841220	138904611	129044329	124946171	132376670	74865689	76930601	76124724	78506964	74304916
C02846	127173461	71070368	253174918	115594639	77596617	90718893	112356161	76457269	538489818	92549255	77150672	92550108	97579879	91629827	75730435	80192931	77198320	96663682	56376342	445763208	72914482	112054916	94620524	73531510	73928749	115474445	104268237	108722536	119107181	92164991
C07881	8004659	7701449	7821689	7526695	6253389	7038896	6194890	7388592	7972028	6594935	7819251	6476434	6681781	6874919	7209914	6906175	6444190	6856591	7288958	7264018	7756224	7148730	7900081	7028619	7233497	7067255	7642149	9300737	8092869	8506558
C08019	1234883	4849019	1431930	1298759	5165452	1467379	4942852	4788285	4907072	4520620	4587247	1205745	4682353	4249272	4342016	4522020	1080158	1084730	4219141	4536235	1258760	4847227	4321502	1021567	1059963	4611967	1164585	1133115	1234195	4228527
C07868	25774351	25548459	25126342	25526012	24121201	21787738	22010160	21298106	21733819	22657811	24480686	25666530	24242603	24022728	25132158	21470306	21070317	21243830	20766473	19408804	24682908	21618125	23317942	23713429	23578224	24515350	21668172	23792022	22926996	22911995
C16930	4833931	5916328	5628005	4943535	5359766	4394598	4706533	4572203	4864966	5023702	2821916	4804341	3558701	4654028	4713330	2488794	3722471	3282052	2877028	3300858	4148738	4064130	4450892	3994211	3596933	6017286	6109057	5876681	6356169	6747026
C01746	7665444121	7575255443	7383172596	7695019081	7394257761	9278745743	9506795998	9442730735	9099881248	9123560145	6114231153	5993655141	6113061930	5997931370	6036028828	9263777809	9410583781	9020741379	8961755355	9154722734	7429647663	7534949250	7589887444	7587014049	7658116520	3853671057	3882714462	3789484548	3861766998	3848227653
C20674	387243469	463715981	473433036	383253933	502956294	324977702	349949218	441522669	358593326	444865422	186672053	215015664	171499393	208768275	198357038	334350671	442031987	367261464	367434842	369010673	283827714	444987861	409731903	359591301	357839856	187801562	353461499	279499755	359340479	274439835
C04092	136702514	78333472	173442291	132389280	88648687	146080725	22219372	79924111	108314195	67585333	125381782	22740992	302158886	19043230	70720088	86275760	20839924	88602401	59117734	64592876	76667936	99323455	19152763	427780249	19412087	18829807	51551406	93576839	144916164	42592575
C07246	28088220	31208180	29816225	28316803	19144860	39275470	37048583	47008954	49981878	46800069	42584728	41355064	41215061	38155485	39954409	33374923	30855762	34406051	28249468	31869060	49405142	53701295	51877567	54267600	53866140	15571607	14205126	16096304	16927560	14000715
C00261	338827097	336926643	340563677	343059999	325567467	418383670	401422199	379587786	411687572	407507913	271829194	261959297	259148054	257745109	270192008	397028042	417723078	411628853	404359336	392919303	361865229	351202031	332036404	325385430	372579659	166675975	181444957	176833896	171861053	171786644
C00587	39458210	24717311	20110086	40779183	44339550	14044027	11846249	9569357	441084595	443184856	16375844	14019574	25884997	20384059	26770121	18572981	27452412	26396649	29255050	33350160	28689798	20543987	21692356	17387436	23034722	27870229	27441384	29625178	27233101	14473131
C00805	1762852	1845930	7463524	1760415	9824711	1870509	1765899	1795966	1871741	13703148	1863735	1674298	1712673	5540029	1643201	14370112	1845464	8973344	8177697	8401117	1808555	7111053	7599914	1701920	9054478	10707251	10643648	10508446	10196326	9929767
C14214	6134815	5112605	5307380	5758031	5976803	7919787	9067855	8804927	7987182	7281556	7544347	7060917	6571925	6682620	6673877	8676057	8736358	8907654	8153402	8993110	9055290	8356208	8700264	9232793	7708216	13940168	10590962	10996844	9622677	9253498
C11045	51961856	51250467	60875616	60500717	51510871	40230778	38823081	37962483	39393604	39822689	22931110	23216034	24073728	22544318	22825713	64776475	32047479	27886592	31222790	30663555	36263362	37158243	38053959	39110167	37208729	22516617	25393412	25219429	20708582	24215570
C01047	17919139	18374441	9995921	15973970	15254091	51310708	46238740	52105097	49037501	43981888	20435568	18502244	18612036	7785234	22449328	25198250	26657373	25914651	21484887	16343750	34045859	12753292	40313148	11235479	38264816	3274244	4009324	3857148	4417372	4159852
C01494	9706195	7087845	7167983	6303329	6823748	5927698	7259531	7318750	6937251	7909650	5672161	5728837	8732274	6149153	5861438	6204118	6949997	6317962	6844272	7439966	5658172	5580817	6391431	5925763	7885564	9057189	6091533	6071192	6093069	5284142
C07480	2322466	2062557	2250073	2093566	2140401	1828151	2699708	2148630	1958267	2018150	3191713	3045649	3066283	2708683	2444515	6606247	6446703	6708187	6490893	7077503	3204640	2722764	2675494	2963066	2897976	2573554	2010421	2061864	2105956	2035331
C06593	401084110	308404365	407080245	310262179	328190252	350346187	359196971	266303473	272444875	276971970	292143947	292736343	294017926	384032082	286539521	263723702	259773212	347814551	341618376	346769674	318449190	280323600	265751727	403145299	285674269	303923224	278033279	431481808	308514389	303033816
C14604	85325260	84138694	71032274	83721353	40034166	3705915	73567609	113120711	114705094	109521774	100752987	28828157	107487886	106737768	1341788	4060441	4643251	3499039	15215836	101329652	2764435	3222520	91393335	2096966	99430097	96155126	97865693	101307138	101137628	103372558
C06333	17569825	19132406	18961280	22558549	22501745	16051208	10800222	12471102	15351981	13922390	20339804	21670735	24795742	20997192	19459836	3426088	10545785	10596772	8276286	3737824	19880838	22147157	6091868	21235892	19360410	30524539	30810646	31090906	30892522	27796287
C11348	5871111	4360849	4449751	4659963	5094493	1932337	3195751	1821732	2118352	1447256	2341658	2502043	2552592	2968348	2649422	137621	112767	877112	147389	384496	27213	51812	63591	56157	45754	22392	28690	53597	27746	39134
C00090	32381882	35239940	131993524	160277695	222998899	31578114	35218983	35756708	34744026	33023551	101909290	37609489	38888248	251500706	118937681	36746005	515001908	36290012	134301545	33017845	97332845	36573882	136053090	336087382	179200419	41638604	39101334	101940018	41573918	698789158
C03198	44537932	45954867	44484674	44153319	43282484	220123634	210209579	211384292	211053124	200540476	78842690	83844058	84407343	77096986	78872607	242004259	261270279	246180263	243224099	256827837	147914562	139921048	139520161	144938190	154120120	27058762	29152717	26403134	24245898	25280735
C06180	12278519	11245836	12371453	12223880	11591654	6294288	6175431	5478330	5740858	5285001	8387265	8864969	8744646	7735948	9020969	9804393	9121175	9601633	9813473	9780752	8625315	9017979	8326561	8054155	8718148	7373623	6403439	6502622	6798306	6243989
C00745	26633693	31754104	24185796	30824206	33386621	4043869	18475753	19494112	16993685	19443986	20135095	20681346	15315323	20688076	19517473	16916437	17792118	18251328	12963629	17492208	6127030	4560645	8129874	11658116	10192098	15612240	3901437	15964117	14495866	13077755
C07635	38086559	35682300	34004696	30722055	32805237	31597262	30035278	29251241	31216184	30489329	26261899	28479589	24701039	28220065	25819981	23673221	23508667	20907775	22569686	19697674	21100231	18975988	4717725	18917291	16744340	21881146	17270369	19815450	18239050	15998537